Arquivo de dados dos CROMOSSOMOS do Micromouse Evolutivo
3000
300

1 1 1 0 3 3 1 0 1 0 1 0 0 1 2 3 2 3 2 4 5 5 5 5 5 5 5 5 5 5 5 5 5 5 5 5 5 5 5 5 5 5 5 5 5 5 5 5 5 5 5 5 5 5 5 5 5 5 5 5 5 5 5 5 5 5 5 5 5 5 5 5 5 5 5 5 5 5 5 5 5 5 5 5 5 5 5 5 5 5 5 5 5 5 5 5 5 5 5 5 5 5 5 5 5 5 5 5 5 5 5 5 5 5 5 5 5 5 5 5 5 5 5 5 5 5 5 5 5 5 5 5 5 5 5 5 5 5 5 5 5 5 5 5 5 5 5 5 5 5 5 5 5 5 5 5 5 5 5 5 5 5 5 5 5 5 5 5 5 5 5 5 5 5 5 5 5 5 5 5 5 5 5 5 5 5 5 5 5 5 5 5 5 5 5 5 5 5 5 5 5 5 5 5 5 5 5 5 5 5 5 5 5 5 5 5 5 5 5 5 5 5 5 5 5 5 5 5 5 5 5 5 5 5 5 5 5 5 5 5 5 5 5 5 5 5 5 5 5 5 5 5 5 5 5 5 5 5 5 5 5 5 5 5 5 5 5 5 5 5 5 5 5 5 5 5 5 5 5 5 5 5 5 5 5 5 5 5 5 5 5 5 5 5 5 5 5 5 5 5 
2.25
5.30

1 1 1 0 3 3 1 0 1 0 1 0 0 1 2 3 2 3 2 2 0 1 3 4 5 5 5 5 5 5 5 5 5 5 5 5 5 5 5 5 5 5 5 5 5 5 5 5 5 5 5 5 5 5 5 5 5 5 5 5 5 5 5 5 5 5 5 5 5 5 5 5 5 5 5 5 5 5 5 5 5 5 5 5 5 5 5 5 5 5 5 5 5 5 5 5 5 5 5 5 5 5 5 5 5 5 5 5 5 5 5 5 5 5 5 5 5 5 5 5 5 5 5 5 5 5 5 5 5 5 5 5 5 5 5 5 5 5 5 5 5 5 5 5 5 5 5 5 5 5 5 5 5 5 5 5 5 5 5 5 5 5 5 5 5 5 5 5 5 5 5 5 5 5 5 5 5 5 5 5 5 5 5 5 5 5 5 5 5 5 5 5 5 5 5 5 5 5 5 5 5 5 5 5 5 5 5 5 5 5 5 5 5 5 5 5 5 5 5 5 5 5 5 5 5 5 5 5 5 5 5 5 5 5 5 5 5 5 5 5 5 5 5 5 5 5 5 5 5 5 5 5 5 5 5 5 5 5 5 5 5 5 5 5 5 5 5 5 5 5 5 5 5 5 5 5 5 5 5 5 5 5 5 5 5 5 5 5 5 5 5 5 5 5 5 5 5 5 5 5 
2.46
5.85

1 1 1 1 1 0 1 0 1 1 0 1 3 3 2 2 1 1 0 1 1 4 5 5 5 5 5 5 5 5 5 5 5 5 5 5 5 5 5 5 5 5 5 5 5 5 5 5 5 5 5 5 5 5 5 5 5 5 5 5 5 5 5 5 5 5 5 5 5 5 5 5 5 5 5 5 5 5 5 5 5 5 5 5 5 5 5 5 5 5 5 5 5 5 5 5 5 5 5 5 5 5 5 5 5 5 5 5 5 5 5 5 5 5 5 5 5 5 5 5 5 5 5 5 5 5 5 5 5 5 5 5 5 5 5 5 5 5 5 5 5 5 5 5 5 5 5 5 5 5 5 5 5 5 5 5 5 5 5 5 5 5 5 5 5 5 5 5 5 5 5 5 5 5 5 5 5 5 5 5 5 5 5 5 5 5 5 5 5 5 5 5 5 5 5 5 5 5 5 5 5 5 5 5 5 5 5 5 5 5 5 5 5 5 5 5 5 5 5 5 5 5 5 5 5 5 5 5 5 5 5 5 5 5 5 5 5 5 5 5 5 5 5 5 5 5 5 5 5 5 5 5 5 5 5 5 5 5 5 5 5 5 5 5 5 5 5 5 5 5 5 5 5 5 5 5 5 5 5 5 5 5 5 5 5 5 5 5 5 5 5 5 5 5 5 5 5 5 5 5 
3.54
6.70

1 1 1 1 1 0 1 0 1 1 1 1 0 0 1 0 0 1 1 1 1 0 1 1 1 1 1 4 5 5 5 5 5 5 5 5 5 5 5 5 5 5 5 5 5 5 5 5 5 5 5 5 5 5 5 5 5 5 5 5 5 5 5 5 5 5 5 5 5 5 5 5 5 5 5 5 5 5 5 5 5 5 5 5 5 5 5 5 5 5 5 5 5 5 5 5 5 5 5 5 5 5 5 5 5 5 5 5 5 5 5 5 5 5 5 5 5 5 5 5 5 5 5 5 5 5 5 5 5 5 5 5 5 5 5 5 5 5 5 5 5 5 5 5 5 5 5 5 5 5 5 5 5 5 5 5 5 5 5 5 5 5 5 5 5 5 5 5 5 5 5 5 5 5 5 5 5 5 5 5 5 5 5 5 5 5 5 5 5 5 5 5 5 5 5 5 5 5 5 5 5 5 5 5 5 5 5 5 5 5 5 5 5 5 5 5 5 5 5 5 5 5 5 5 5 5 5 5 5 5 5 5 5 5 5 5 5 5 5 5 5 5 5 5 5 5 5 5 5 5 5 5 5 5 5 5 5 5 5 5 5 5 5 5 5 5 5 5 5 5 5 5 5 5 5 5 5 5 5 5 5 5 5 5 5 5 5 5 5 5 5 5 5 5 5 5 5 5 5 5 
4.64
8.55

1 1 1 1 1 0 1 0 1 1 1 1 0 0 1 0 0 1 0 0 1 1 0 1 0 1 1 1 3 2 3 3 1 1 3 2 3 4 5 5 5 5 5 5 5 5 5 5 5 5 5 5 5 5 5 5 5 5 5 5 5 5 5 5 5 5 5 5 5 5 5 5 5 5 5 5 5 5 5 5 5 5 5 5 5 5 5 5 5 5 5 5 5 5 5 5 5 5 5 5 5 5 5 5 5 5 5 5 5 5 5 5 5 5 5 5 5 5 5 5 5 5 5 5 5 5 5 5 5 5 5 5 5 5 5 5 5 5 5 5 5 5 5 5 5 5 5 5 5 5 5 5 5 5 5 5 5 5 5 5 5 5 5 5 5 5 5 5 5 5 5 5 5 5 5 5 5 5 5 5 5 5 5 5 5 5 5 5 5 5 5 5 5 5 5 5 5 5 5 5 5 5 5 5 5 5 5 5 5 5 5 5 5 5 5 5 5 5 5 5 5 5 5 5 5 5 5 5 5 5 5 5 5 5 5 5 5 5 5 5 5 5 5 5 5 5 5 5 5 5 5 5 5 5 5 5 5 5 5 5 5 5 5 5 5 5 5 5 5 5 5 5 5 5 5 5 5 5 5 5 5 5 5 5 5 5 5 5 5 5 5 5 5 5 5 5 5 5 5 5 
5.44
9.65

1 1 1 1 1 0 1 0 1 1 1 1 0 0 1 0 0 1 0 0 1 1 0 1 0 1 1 1 0 0 3 2 1 1 0 0 0 1 0 1 1 1 1 1 1 4 5 5 5 5 5 5 5 5 5 5 5 5 5 5 5 5 5 5 5 5 5 5 5 5 5 5 5 5 5 5 5 5 5 5 5 5 5 5 5 5 5 5 5 5 5 5 5 5 5 5 5 5 5 5 5 5 5 5 5 5 5 5 5 5 5 5 5 5 5 5 5 5 5 5 5 5 5 5 5 5 5 5 5 5 5 5 5 5 5 5 5 5 5 5 5 5 5 5 5 5 5 5 5 5 5 5 5 5 5 5 5 5 5 5 5 5 5 5 5 5 5 5 5 5 5 5 5 5 5 5 5 5 5 5 5 5 5 5 5 5 5 5 5 5 5 5 5 5 5 5 5 5 5 5 5 5 5 5 5 5 5 5 5 5 5 5 5 5 5 5 5 5 5 5 5 5 5 5 5 5 5 5 5 5 5 5 5 5 5 5 5 5 5 5 5 5 5 5 5 5 5 5 5 5 5 5 5 5 5 5 5 5 5 5 5 5 5 5 5 5 5 5 5 5 5 5 5 5 5 5 5 5 5 5 5 5 5 5 5 5 5 5 5 5 5 5 5 5 5 5 5 5 5 5 
6.12
9.75

1 1 1 1 1 0 1 0 1 1 1 1 0 0 1 0 0 1 0 0 1 1 0 1 0 1 1 1 0 0 1 0 1 1 1 0 1 1 1 1 1 1 0 1 1 1 3 3 4 5 5 5 5 5 5 5 5 5 5 5 5 5 5 5 5 5 5 5 5 5 5 5 5 5 5 5 5 5 5 5 5 5 5 5 5 5 5 5 5 5 5 5 5 5 5 5 5 5 5 5 5 5 5 5 5 5 5 5 5 5 5 5 5 5 5 5 5 5 5 5 5 5 5 5 5 5 5 5 5 5 5 5 5 5 5 5 5 5 5 5 5 5 5 5 5 5 5 5 5 5 5 5 5 5 5 5 5 5 5 5 5 5 5 5 5 5 5 5 5 5 5 5 5 5 5 5 5 5 5 5 5 5 5 5 5 5 5 5 5 5 5 5 5 5 5 5 5 5 5 5 5 5 5 5 5 5 5 5 5 5 5 5 5 5 5 5 5 5 5 5 5 5 5 5 5 5 5 5 5 5 5 5 5 5 5 5 5 5 5 5 5 5 5 5 5 5 5 5 5 5 5 5 5 5 5 5 5 5 5 5 5 5 5 5 5 5 5 5 5 5 5 5 5 5 5 5 5 5 5 5 5 5 5 5 5 5 5 5 5 5 5 5 5 5 5 5 5 5 5 5 
6.99
12.10

1 1 1 1 1 0 1 0 1 1 1 1 0 1 1 0 0 1 0 0 1 1 0 1 0 1 1 1 0 0 1 0 1 1 0 0 1 1 1 1 1 1 0 1 1 1 0 0 0 0 0 1 3 2 3 3 3 3 4 5 5 5 5 5 5 5 5 5 5 5 5 5 5 5 5 5 5 5 5 5 5 5 5 5 5 5 5 5 5 5 5 5 5 5 5 5 5 5 5 5 5 5 5 5 5 5 5 5 5 5 5 5 5 5 5 5 5 5 5 5 5 5 5 5 5 5 5 5 5 5 5 5 5 5 5 5 5 5 5 5 5 5 5 5 5 5 5 5 5 5 5 5 5 5 5 5 5 5 5 5 5 5 5 5 5 5 5 5 5 5 5 5 5 5 5 5 5 5 5 5 5 5 5 5 5 5 5 5 5 5 5 5 5 5 5 5 5 5 5 5 5 5 5 5 5 5 5 5 5 5 5 5 5 5 5 5 5 5 5 5 5 5 5 5 5 5 5 5 5 5 5 5 5 5 5 5 5 5 5 5 5 5 5 5 5 5 5 5 5 5 5 5 5 5 5 5 5 5 5 5 5 5 5 5 5 5 5 5 5 5 5 5 5 5 5 5 5 5 5 5 5 5 5 5 5 5 5 5 5 5 5 5 5 5 5 5 5 5 5 5 
7.72
13.40

1 1 1 1 1 0 1 0 1 1 1 1 0 0 1 0 1 1 0 0 1 1 0 1 0 1 1 1 0 0 1 0 1 1 0 0 1 1 1 1 1 1 0 1 1 1 1 1 0 1 0 0 0 1 1 0 3 3 0 4 5 5 5 5 5 5 5 5 5 5 5 5 5 5 5 5 5 5 5 5 5 5 5 5 5 5 5 5 5 5 5 5 5 5 5 5 5 5 5 5 5 5 5 5 5 5 5 5 5 5 5 5 5 5 5 5 5 5 5 5 5 5 5 5 5 5 5 5 5 5 5 5 5 5 5 5 5 5 5 5 5 5 5 5 5 5 5 5 5 5 5 5 5 5 5 5 5 5 5 5 5 5 5 5 5 5 5 5 5 5 5 5 5 5 5 5 5 5 5 5 5 5 5 5 5 5 5 5 5 5 5 5 5 5 5 5 5 5 5 5 5 5 5 5 5 5 5 5 5 5 5 5 5 5 5 5 5 5 5 5 5 5 5 5 5 5 5 5 5 5 5 5 5 5 5 5 5 5 5 5 5 5 5 5 5 5 5 5 5 5 5 5 5 5 5 5 5 5 5 5 5 5 5 5 5 5 5 5 5 5 5 5 5 5 5 5 5 5 5 5 5 5 5 5 5 5 5 5 5 5 5 5 5 5 5 5 5 5 5 5 
8.29
13.50

1 1 1 1 1 0 1 0 1 1 1 1 0 0 1 0 0 1 0 0 1 1 0 1 0 1 1 1 0 0 1 0 1 1 0 0 1 1 1 1 1 1 1 1 1 1 0 0 0 0 0 1 3 2 3 3 2 3 3 3 4 5 5 5 5 5 5 5 5 5 5 5 5 5 5 5 5 5 5 5 5 5 5 5 5 5 5 5 5 5 5 5 5 5 5 5 5 5 5 5 5 5 5 5 5 5 5 5 5 5 5 5 5 5 5 5 5 5 5 5 5 5 5 5 5 5 5 5 5 5 5 5 5 5 5 5 5 5 5 5 5 5 5 5 5 5 5 5 5 5 5 5 5 5 5 5 5 5 5 5 5 5 5 5 5 5 5 5 5 5 5 5 5 5 5 5 5 5 5 5 5 5 5 5 5 5 5 5 5 5 5 5 5 5 5 5 5 5 5 5 5 5 5 5 5 5 5 5 5 5 5 5 5 5 5 5 5 5 5 5 5 5 5 5 5 5 5 5 5 5 5 5 5 5 5 5 5 5 5 5 5 5 5 5 5 5 5 5 5 5 5 5 5 5 5 5 5 5 5 5 5 5 5 5 5 5 5 5 5 5 5 5 5 5 5 5 5 5 5 5 5 5 5 5 5 5 5 5 5 5 5 5 5 5 5 5 5 5 5 5 
8.62
13.70

1 1 1 1 1 0 1 0 1 1 1 1 1 0 1 0 0 1 0 0 1 1 0 1 0 1 1 1 0 0 1 0 1 1 0 0 1 1 1 1 1 1 0 1 1 1 0 0 0 0 0 1 3 2 0 1 1 0 3 3 3 3 4 5 5 5 5 5 5 5 5 5 5 5 5 5 5 5 5 5 5 5 5 5 5 5 5 5 5 5 5 5 5 5 5 5 5 5 5 5 5 5 5 5 5 5 5 5 5 5 5 5 5 5 5 5 5 5 5 5 5 5 5 5 5 5 5 5 5 5 5 5 5 5 5 5 5 5 5 5 5 5 5 5 5 5 5 5 5 5 5 5 5 5 5 5 5 5 5 5 5 5 5 5 5 5 5 5 5 5 5 5 5 5 5 5 5 5 5 5 5 5 5 5 5 5 5 5 5 5 5 5 5 5 5 5 5 5 5 5 5 5 5 5 5 5 5 5 5 5 5 5 5 5 5 5 5 5 5 5 5 5 5 5 5 5 5 5 5 5 5 5 5 5 5 5 5 5 5 5 5 5 5 5 5 5 5 5 5 5 5 5 5 5 5 5 5 5 5 5 5 5 5 5 5 5 5 5 5 5 5 5 5 5 5 5 5 5 5 5 5 5 5 5 5 5 5 5 5 5 5 5 5 5 5 5 5 5 5 5 
8.85
13.95

1 1 1 1 1 0 1 0 0 1 1 1 0 0 1 0 0 1 0 0 1 1 0 1 0 1 1 1 0 0 1 1 0 1 0 0 1 1 1 1 1 1 0 1 1 1 0 1 3 3 2 2 1 1 0 0 1 1 1 0 0 1 0 1 0 0 1 0 0 1 3 2 3 2 1 0 1 0 3 4 5 5 5 5 5 5 5 5 5 5 5 5 5 5 5 5 5 5 5 5 5 5 5 5 5 5 5 5 5 5 5 5 5 5 5 5 5 5 5 5 5 5 5 5 5 5 5 5 5 5 5 5 5 5 5 5 5 5 5 5 5 5 5 5 5 5 5 5 5 5 5 5 5 5 5 5 5 5 5 5 5 5 5 5 5 5 5 5 5 5 5 5 5 5 5 5 5 5 5 5 5 5 5 5 5 5 5 5 5 5 5 5 5 5 5 5 5 5 5 5 5 5 5 5 5 5 5 5 5 5 5 5 5 5 5 5 5 5 5 5 5 5 5 5 5 5 5 5 5 5 5 5 5 5 5 5 5 5 5 5 5 5 5 5 5 5 5 5 5 5 5 5 5 5 5 5 5 5 5 5 5 5 5 5 5 5 5 5 5 5 5 5 5 5 5 5 5 5 5 5 5 5 5 5 5 5 5 5 5 5 5 5 5 5 5 5 5 5 5 5 
7.82
14.80

1 1 1 1 1 0 1 0 0 1 1 1 0 0 1 0 0 1 0 0 1 1 0 1 0 1 1 1 0 0 1 1 0 1 0 0 1 1 1 1 1 1 0 1 1 1 0 1 3 3 2 2 1 1 0 0 1 1 1 0 0 1 0 1 0 0 1 0 0 1 3 2 3 2 1 0 1 0 3 2 1 1 0 4 5 5 5 5 5 5 5 5 5 5 5 5 5 5 5 5 5 5 5 5 5 5 5 5 5 5 5 5 5 5 5 5 5 5 5 5 5 5 5 5 5 5 5 5 5 5 5 5 5 5 5 5 5 5 5 5 5 5 5 5 5 5 5 5 5 5 5 5 5 5 5 5 5 5 5 5 5 5 5 5 5 5 5 5 5 5 5 5 5 5 5 5 5 5 5 5 5 5 5 5 5 5 5 5 5 5 5 5 5 5 5 5 5 5 5 5 5 5 5 5 5 5 5 5 5 5 5 5 5 5 5 5 5 5 5 5 5 5 5 5 5 5 5 5 5 5 5 5 5 5 5 5 5 5 5 5 5 5 5 5 5 5 5 5 5 5 5 5 5 5 5 5 5 5 5 5 5 5 5 5 5 5 5 5 5 5 5 5 5 5 5 5 5 5 5 5 5 5 5 5 5 5 5 5 5 5 5 5 5 5 5 5 5 5 5 5 
9.06
15.30

1 1 1 1 1 0 1 0 1 1 1 1 0 0 1 0 0 1 0 0 1 1 0 1 0 1 1 1 0 0 1 0 1 1 1 0 1 1 1 1 1 1 0 1 1 1 3 3 2 3 2 3 2 3 2 3 0 0 3 3 3 3 4 5 5 5 5 5 5 5 5 5 5 5 5 5 5 5 5 5 5 5 5 5 5 5 5 5 5 5 5 5 5 5 5 5 5 5 5 5 5 5 5 5 5 5 5 5 5 5 5 5 5 5 5 5 5 5 5 5 5 5 5 5 5 5 5 5 5 5 5 5 5 5 5 5 5 5 5 5 5 5 5 5 5 5 5 5 5 5 5 5 5 5 5 5 5 5 5 5 5 5 5 5 5 5 5 5 5 5 5 5 5 5 5 5 5 5 5 5 5 5 5 5 5 5 5 5 5 5 5 5 5 5 5 5 5 5 5 5 5 5 5 5 5 5 5 5 5 5 5 5 5 5 5 5 5 5 5 5 5 5 5 5 5 5 5 5 5 5 5 5 5 5 5 5 5 5 5 5 5 5 5 5 5 5 5 5 5 5 5 5 5 5 5 5 5 5 5 5 5 5 5 5 5 5 5 5 5 5 5 5 5 5 5 5 5 5 5 5 5 5 5 5 5 5 5 5 5 5 5 5 5 5 5 5 5 5 5 5 
9.17
15.80

1 1 1 1 1 0 1 0 1 1 1 1 0 0 1 0 0 1 0 0 1 1 0 1 0 1 1 1 0 0 1 0 1 1 0 0 1 1 1 1 1 1 0 1 1 1 1 1 3 3 0 0 3 3 2 3 3 3 4 5 5 5 5 5 5 5 5 5 5 5 5 5 5 5 5 5 5 5 5 5 5 5 5 5 5 5 5 5 5 5 5 5 5 5 5 5 5 5 5 5 5 5 5 5 5 5 5 5 5 5 5 5 5 5 5 5 5 5 5 5 5 5 5 5 5 5 5 5 5 5 5 5 5 5 5 5 5 5 5 5 5 5 5 5 5 5 5 5 5 5 5 5 5 5 5 5 5 5 5 5 5 5 5 5 5 5 5 5 5 5 5 5 5 5 5 5 5 5 5 5 5 5 5 5 5 5 5 5 5 5 5 5 5 5 5 5 5 5 5 5 5 5 5 5 5 5 5 5 5 5 5 5 5 5 5 5 5 5 5 5 5 5 5 5 5 5 5 5 5 5 5 5 5 5 5 5 5 5 5 5 5 5 5 5 5 5 5 5 5 5 5 5 5 5 5 5 5 5 5 5 5 5 5 5 5 5 5 5 5 5 5 5 5 5 5 5 5 5 5 5 5 5 5 5 5 5 5 5 5 5 5 5 5 5 5 5 5 5 5 5 
9.34
15.50

1 1 1 1 1 0 1 0 1 1 1 1 0 0 1 0 0 1 0 0 1 1 0 1 0 1 1 1 0 0 1 0 1 1 0 0 1 1 1 1 1 1 0 1 1 1 1 1 3 3 0 0 3 3 2 3 3 3 3 4 5 5 5 5 5 5 5 5 5 5 5 5 5 5 5 5 5 5 5 5 5 5 5 5 5 5 5 5 5 5 5 5 5 5 5 5 5 5 5 5 5 5 5 5 5 5 5 5 5 5 5 5 5 5 5 5 5 5 5 5 5 5 5 5 5 5 5 5 5 5 5 5 5 5 5 5 5 5 5 5 5 5 5 5 5 5 5 5 5 5 5 5 5 5 5 5 5 5 5 5 5 5 5 5 5 5 5 5 5 5 5 5 5 5 5 5 5 5 5 5 5 5 5 5 5 5 5 5 5 5 5 5 5 5 5 5 5 5 5 5 5 5 5 5 5 5 5 5 5 5 5 5 5 5 5 5 5 5 5 5 5 5 5 5 5 5 5 5 5 5 5 5 5 5 5 5 5 5 5 5 5 5 5 5 5 5 5 5 5 5 5 5 5 5 5 5 5 5 5 5 5 5 5 5 5 5 5 5 5 5 5 5 5 5 5 5 5 5 5 5 5 5 5 5 5 5 5 5 5 5 5 5 5 5 5 5 5 5 5 5 
9.51
16.65

1 1 1 1 1 0 1 0 1 1 1 1 0 0 1 0 0 1 0 0 1 1 0 1 0 1 1 1 0 0 1 0 1 1 0 0 1 1 1 1 1 1 0 1 1 1 1 1 1 0 3 2 0 1 0 0 1 1 1 1 3 3 3 3 0 0 3 2 3 3 4 5 5 5 5 5 5 5 5 5 5 5 5 5 5 5 5 5 5 5 5 5 5 5 5 5 5 5 5 5 5 5 5 5 5 5 5 5 5 5 5 5 5 5 5 5 5 5 5 5 5 5 5 5 5 5 5 5 5 5 5 5 5 5 5 5 5 5 5 5 5 5 5 5 5 5 5 5 5 5 5 5 5 5 5 5 5 5 5 5 5 5 5 5 5 5 5 5 5 5 5 5 5 5 5 5 5 5 5 5 5 5 5 5 5 5 5 5 5 5 5 5 5 5 5 5 5 5 5 5 5 5 5 5 5 5 5 5 5 5 5 5 5 5 5 5 5 5 5 5 5 5 5 5 5 5 5 5 5 5 5 5 5 5 5 5 5 5 5 5 5 5 5 5 5 5 5 5 5 5 5 5 5 5 5 5 5 5 5 5 5 5 5 5 5 5 5 5 5 5 5 5 5 5 5 5 5 5 5 5 5 5 5 5 5 5 5 5 5 5 5 5 5 5 5 5 5 5 5 5 
9.60
17.05

1 1 1 1 1 0 1 0 1 1 1 1 0 0 1 0 0 1 0 0 1 1 0 1 0 1 1 1 0 0 1 0 1 1 0 0 1 1 1 1 1 1 0 1 1 1 1 1 1 0 3 2 0 1 0 0 1 1 1 1 3 3 3 3 0 0 3 2 3 3 4 5 5 5 5 5 5 5 5 5 5 5 5 5 5 5 5 5 5 5 5 5 5 5 5 5 5 5 5 5 5 5 5 5 5 5 5 5 5 5 5 5 5 5 5 5 5 5 5 5 5 5 5 5 5 5 5 5 5 5 5 5 5 5 5 5 5 5 5 5 5 5 5 5 5 5 5 5 5 5 5 5 5 5 5 5 5 5 5 5 5 5 5 5 5 5 5 5 5 5 5 5 5 5 5 5 5 5 5 5 5 5 5 5 5 5 5 5 5 5 5 5 5 5 5 5 5 5 5 5 5 5 5 5 5 5 5 5 5 5 5 5 5 5 5 5 5 5 5 5 5 5 5 5 5 5 5 5 5 5 5 5 5 5 5 5 5 5 5 5 5 5 5 5 5 5 5 5 5 5 5 5 5 5 5 5 5 5 5 5 5 5 5 5 5 5 5 5 5 5 5 5 5 5 5 5 5 5 5 5 5 5 5 5 5 5 5 5 5 5 5 5 5 5 5 5 5 5 5 5 
9.66
17.05

1 1 1 1 1 0 1 0 1 1 1 1 0 0 1 0 0 1 0 0 1 1 0 1 0 1 1 1 0 0 1 0 1 1 0 0 1 1 1 1 1 1 0 1 1 1 1 1 1 0 3 2 0 1 0 0 1 1 1 1 3 3 3 3 0 0 3 2 3 3 3 3 4 5 5 5 5 5 5 5 5 5 5 5 5 5 5 5 5 5 5 5 5 5 5 5 5 5 5 5 5 5 5 5 5 5 5 5 5 5 5 5 5 5 5 5 5 5 5 5 5 5 5 5 5 5 5 5 5 5 5 5 5 5 5 5 5 5 5 5 5 5 5 5 5 5 5 5 5 5 5 5 5 5 5 5 5 5 5 5 5 5 5 5 5 5 5 5 5 5 5 5 5 5 5 5 5 5 5 5 5 5 5 5 5 5 5 5 5 5 5 5 5 5 5 5 5 5 5 5 5 5 5 5 5 5 5 5 5 5 5 5 5 5 5 5 5 5 5 5 5 5 5 5 5 5 5 5 5 5 5 5 5 5 5 5 5 5 5 5 5 5 5 5 5 5 5 5 5 5 5 5 5 5 5 5 5 5 5 5 5 5 5 5 5 5 5 5 5 5 5 5 5 5 5 5 5 5 5 5 5 5 5 5 5 5 5 5 5 5 5 5 5 5 5 5 5 5 5 5 
9.74
19.35

1 1 1 1 1 0 1 0 1 1 1 1 0 0 1 0 0 1 0 0 1 1 0 1 0 1 1 1 0 0 1 0 1 1 0 0 1 1 1 1 1 1 0 1 1 1 1 1 1 0 3 2 0 1 0 0 1 1 1 1 3 3 3 3 0 0 3 2 3 3 3 3 4 5 5 5 5 5 5 5 5 5 5 5 5 5 5 5 5 5 5 5 5 5 5 5 5 5 5 5 5 5 5 5 5 5 5 5 5 5 5 5 5 5 5 5 5 5 5 5 5 5 5 5 5 5 5 5 5 5 5 5 5 5 5 5 5 5 5 5 5 5 5 5 5 5 5 5 5 5 5 5 5 5 5 5 5 5 5 5 5 5 5 5 5 5 5 5 5 5 5 5 5 5 5 5 5 5 5 5 5 5 5 5 5 5 5 5 5 5 5 5 5 5 5 5 5 5 5 5 5 5 5 5 5 5 5 5 5 5 5 5 5 5 5 5 5 5 5 5 5 5 5 5 5 5 5 5 5 5 5 5 5 5 5 5 5 5 5 5 5 5 5 5 5 5 5 5 5 5 5 5 5 5 5 5 5 5 5 5 5 5 5 5 5 5 5 5 5 5 5 5 5 5 5 5 5 5 5 5 5 5 5 5 5 5 5 5 5 5 5 5 5 5 5 5 5 5 5 5 
9.85
19.35

1 1 1 1 1 0 1 0 1 1 1 1 0 0 1 0 0 1 0 0 1 1 0 1 0 1 1 1 0 0 1 0 1 1 0 0 1 1 1 1 1 1 0 1 1 1 1 1 1 0 3 2 0 1 0 0 1 1 1 1 3 3 3 3 0 0 3 2 3 3 3 3 4 5 5 5 5 5 5 5 5 5 5 5 5 5 5 5 5 5 5 5 5 5 5 5 5 5 5 5 5 5 5 5 5 5 5 5 5 5 5 5 5 5 5 5 5 5 5 5 5 5 5 5 5 5 5 5 5 5 5 5 5 5 5 5 5 5 5 5 5 5 5 5 5 5 5 5 5 5 5 5 5 5 5 5 5 5 5 5 5 5 5 5 5 5 5 5 5 5 5 5 5 5 5 5 5 5 5 5 5 5 5 5 5 5 5 5 5 5 5 5 5 5 5 5 5 5 5 5 5 5 5 5 5 5 5 5 5 5 5 5 5 5 5 5 5 5 5 5 5 5 5 5 5 5 5 5 5 5 5 5 5 5 5 5 5 5 5 5 5 5 5 5 5 5 5 5 5 5 5 5 5 5 5 5 5 5 5 5 5 5 5 5 5 5 5 5 5 5 5 5 5 5 5 5 5 5 5 5 5 5 5 5 5 5 5 5 5 5 5 5 5 5 5 5 5 5 5 5 
9.94
19.35

1 1 1 1 1 0 1 0 1 1 1 1 0 0 1 0 0 1 0 0 1 1 0 1 0 1 1 1 0 0 1 0 1 1 0 0 1 1 1 1 1 1 0 1 1 1 1 1 1 0 3 2 0 1 0 0 1 1 1 1 3 3 3 3 0 0 3 2 3 3 3 3 4 5 5 5 5 5 5 5 5 5 5 5 5 5 5 5 5 5 5 5 5 5 5 5 5 5 5 5 5 5 5 5 5 5 5 5 5 5 5 5 5 5 5 5 5 5 5 5 5 5 5 5 5 5 5 5 5 5 5 5 5 5 5 5 5 5 5 5 5 5 5 5 5 5 5 5 5 5 5 5 5 5 5 5 5 5 5 5 5 5 5 5 5 5 5 5 5 5 5 5 5 5 5 5 5 5 5 5 5 5 5 5 5 5 5 5 5 5 5 5 5 5 5 5 5 5 5 5 5 5 5 5 5 5 5 5 5 5 5 5 5 5 5 5 5 5 5 5 5 5 5 5 5 5 5 5 5 5 5 5 5 5 5 5 5 5 5 5 5 5 5 5 5 5 5 5 5 5 5 5 5 5 5 5 5 5 5 5 5 5 5 5 5 5 5 5 5 5 5 5 5 5 5 5 5 5 5 5 5 5 5 5 5 5 5 5 5 5 5 5 5 5 5 5 5 5 5 5 
9.95
19.35

1 1 1 1 1 0 1 0 1 1 1 1 0 0 1 0 0 1 0 0 1 1 0 1 0 1 1 1 0 0 1 0 1 1 0 0 1 1 1 1 1 1 0 1 1 1 1 1 1 0 3 2 0 1 0 0 1 1 1 1 3 3 3 3 0 0 3 2 3 3 3 3 4 5 5 5 5 5 5 5 5 5 5 5 5 5 5 5 5 5 5 5 5 5 5 5 5 5 5 5 5 5 5 5 5 5 5 5 5 5 5 5 5 5 5 5 5 5 5 5 5 5 5 5 5 5 5 5 5 5 5 5 5 5 5 5 5 5 5 5 5 5 5 5 5 5 5 5 5 5 5 5 5 5 5 5 5 5 5 5 5 5 5 5 5 5 5 5 5 5 5 5 5 5 5 5 5 5 5 5 5 5 5 5 5 5 5 5 5 5 5 5 5 5 5 5 5 5 5 5 5 5 5 5 5 5 5 5 5 5 5 5 5 5 5 5 5 5 5 5 5 5 5 5 5 5 5 5 5 5 5 5 5 5 5 5 5 5 5 5 5 5 5 5 5 5 5 5 5 5 5 5 5 5 5 5 5 5 5 5 5 5 5 5 5 5 5 5 5 5 5 5 5 5 5 5 5 5 5 5 5 5 5 5 5 5 5 5 5 5 5 5 5 5 5 5 5 5 5 5 
10.09
19.35

1 1 1 1 1 0 1 0 1 1 1 1 0 0 1 0 0 1 0 0 1 1 0 1 0 1 1 1 0 0 1 0 1 1 0 0 1 1 1 1 1 1 0 1 1 1 1 1 1 0 3 2 0 1 0 0 1 1 1 1 3 3 3 3 0 0 3 2 3 3 3 3 4 5 5 5 5 5 5 5 5 5 5 5 5 5 5 5 5 5 5 5 5 5 5 5 5 5 5 5 5 5 5 5 5 5 5 5 5 5 5 5 5 5 5 5 5 5 5 5 5 5 5 5 5 5 5 5 5 5 5 5 5 5 5 5 5 5 5 5 5 5 5 5 5 5 5 5 5 5 5 5 5 5 5 5 5 5 5 5 5 5 5 5 5 5 5 5 5 5 5 5 5 5 5 5 5 5 5 5 5 5 5 5 5 5 5 5 5 5 5 5 5 5 5 5 5 5 5 5 5 5 5 5 5 5 5 5 5 5 5 5 5 5 5 5 5 5 5 5 5 5 5 5 5 5 5 5 5 5 5 5 5 5 5 5 5 5 5 5 5 5 5 5 5 5 5 5 5 5 5 5 5 5 5 5 5 5 5 5 5 5 5 5 5 5 5 5 5 5 5 5 5 5 5 5 5 5 5 5 5 5 5 5 5 5 5 5 5 5 5 5 5 5 5 5 5 5 5 5 
10.16
19.35

1 1 1 1 1 0 1 0 1 1 1 1 0 0 1 0 0 1 0 0 1 1 0 1 0 1 1 1 0 0 1 0 1 1 0 0 1 1 1 1 1 1 0 1 1 1 0 0 0 0 0 1 1 0 1 1 3 2 1 1 0 1 1 1 3 3 2 2 1 0 3 3 0 1 0 0 3 3 3 2 3 3 3 4 5 5 5 5 5 5 5 5 5 5 5 5 5 5 5 5 5 5 5 5 5 5 5 5 5 5 5 5 5 5 5 5 5 5 5 5 5 5 5 5 5 5 5 5 5 5 5 5 5 5 5 5 5 5 5 5 5 5 5 5 5 5 5 5 5 5 5 5 5 5 5 5 5 5 5 5 5 5 5 5 5 5 5 5 5 5 5 5 5 5 5 5 5 5 5 5 5 5 5 5 5 5 5 5 5 5 5 5 5 5 5 5 5 5 5 5 5 5 5 5 5 5 5 5 5 5 5 5 5 5 5 5 5 5 5 5 5 5 5 5 5 5 5 5 5 5 5 5 5 5 5 5 5 5 5 5 5 5 5 5 5 5 5 5 5 5 5 5 5 5 5 5 5 5 5 5 5 5 5 5 5 5 5 5 5 5 5 5 5 5 5 5 5 5 5 5 5 5 5 5 5 5 5 5 5 5 5 5 5 5 5 5 5 5 5 5 
10.25
19.70

1 1 1 1 1 0 1 0 1 1 1 1 0 0 1 0 0 1 0 0 1 1 0 1 0 1 1 1 0 0 1 0 1 1 0 0 1 1 1 1 1 1 0 1 1 1 0 0 0 0 0 1 1 0 1 1 3 2 1 1 0 1 1 1 3 3 2 2 1 0 3 3 0 1 0 0 3 3 3 2 3 3 3 4 5 5 5 5 5 5 5 5 5 5 5 5 5 5 5 5 5 5 5 5 5 5 5 5 5 5 5 5 5 5 5 5 5 5 5 5 5 5 5 5 5 5 5 5 5 5 5 5 5 5 5 5 5 5 5 5 5 5 5 5 5 5 5 5 5 5 5 5 5 5 5 5 5 5 5 5 5 5 5 5 5 5 5 5 5 5 5 5 5 5 5 5 5 5 5 5 5 5 5 5 5 5 5 5 5 5 5 5 5 5 5 5 5 5 5 5 5 5 5 5 5 5 5 5 5 5 5 5 5 5 5 5 5 5 5 5 5 5 5 5 5 5 5 5 5 5 5 5 5 5 5 5 5 5 5 5 5 5 5 5 5 5 5 5 5 5 5 5 5 5 5 5 5 5 5 5 5 5 5 5 5 5 5 5 5 5 5 5 5 5 5 5 5 5 5 5 5 5 5 5 5 5 5 5 5 5 5 5 5 5 5 5 5 5 5 5 
10.45
19.70

1 1 1 1 1 0 1 0 1 1 1 1 0 0 1 0 0 1 0 0 1 1 0 1 0 1 1 1 0 0 1 0 1 1 0 0 1 1 1 1 1 1 0 1 1 1 0 0 0 0 0 1 1 0 1 1 3 2 1 1 0 1 1 1 3 3 2 2 1 0 3 3 0 1 0 0 3 3 3 2 3 3 3 2 3 4 5 5 5 5 5 5 5 5 5 5 5 5 5 5 5 5 5 5 5 5 5 5 5 5 5 5 5 5 5 5 5 5 5 5 5 5 5 5 5 5 5 5 5 5 5 5 5 5 5 5 5 5 5 5 5 5 5 5 5 5 5 5 5 5 5 5 5 5 5 5 5 5 5 5 5 5 5 5 5 5 5 5 5 5 5 5 5 5 5 5 5 5 5 5 5 5 5 5 5 5 5 5 5 5 5 5 5 5 5 5 5 5 5 5 5 5 5 5 5 5 5 5 5 5 5 5 5 5 5 5 5 5 5 5 5 5 5 5 5 5 5 5 5 5 5 5 5 5 5 5 5 5 5 5 5 5 5 5 5 5 5 5 5 5 5 5 5 5 5 5 5 5 5 5 5 5 5 5 5 5 5 5 5 5 5 5 5 5 5 5 5 5 5 5 5 5 5 5 5 5 5 5 5 5 5 5 5 5 5 5 5 5 5 5 
9.65
19.90

1 1 1 1 1 0 1 0 1 1 1 1 0 0 1 0 0 1 0 0 1 1 0 1 0 1 1 1 0 0 1 0 1 1 0 0 1 1 1 1 1 1 0 1 1 1 0 0 0 0 0 1 1 0 1 1 3 2 1 1 0 1 1 1 3 3 2 2 1 0 3 3 0 1 0 0 3 3 3 2 3 3 3 2 3 4 5 5 5 5 5 5 5 5 5 5 5 5 5 5 5 5 5 5 5 5 5 5 5 5 5 5 5 5 5 5 5 5 5 5 5 5 5 5 5 5 5 5 5 5 5 5 5 5 5 5 5 5 5 5 5 5 5 5 5 5 5 5 5 5 5 5 5 5 5 5 5 5 5 5 5 5 5 5 5 5 5 5 5 5 5 5 5 5 5 5 5 5 5 5 5 5 5 5 5 5 5 5 5 5 5 5 5 5 5 5 5 5 5 5 5 5 5 5 5 5 5 5 5 5 5 5 5 5 5 5 5 5 5 5 5 5 5 5 5 5 5 5 5 5 5 5 5 5 5 5 5 5 5 5 5 5 5 5 5 5 5 5 5 5 5 5 5 5 5 5 5 5 5 5 5 5 5 5 5 5 5 5 5 5 5 5 5 5 5 5 5 5 5 5 5 5 5 5 5 5 5 5 5 5 5 5 5 5 5 5 5 5 5 5 
10.47
19.90

1 1 1 1 1 0 1 0 1 1 1 1 0 0 1 0 0 1 0 0 1 1 0 1 0 1 1 1 0 0 1 0 1 1 0 0 1 1 1 1 1 1 0 1 1 1 0 0 0 0 0 1 1 0 1 1 3 2 1 1 0 1 1 1 3 3 2 2 1 0 3 3 0 1 0 0 3 3 3 2 3 3 3 2 3 4 5 5 5 5 5 5 5 5 5 5 5 5 5 5 5 5 5 5 5 5 5 5 5 5 5 5 5 5 5 5 5 5 5 5 5 5 5 5 5 5 5 5 5 5 5 5 5 5 5 5 5 5 5 5 5 5 5 5 5 5 5 5 5 5 5 5 5 5 5 5 5 5 5 5 5 5 5 5 5 5 5 5 5 5 5 5 5 5 5 5 5 5 5 5 5 5 5 5 5 5 5 5 5 5 5 5 5 5 5 5 5 5 5 5 5 5 5 5 5 5 5 5 5 5 5 5 5 5 5 5 5 5 5 5 5 5 5 5 5 5 5 5 5 5 5 5 5 5 5 5 5 5 5 5 5 5 5 5 5 5 5 5 5 5 5 5 5 5 5 5 5 5 5 5 5 5 5 5 5 5 5 5 5 5 5 5 5 5 5 5 5 5 5 5 5 5 5 5 5 5 5 5 5 5 5 5 5 5 5 5 5 5 5 5 
10.55
19.90

1 1 1 1 1 0 1 0 1 1 1 1 0 0 1 0 0 1 0 0 1 1 0 1 0 1 1 1 0 0 1 0 1 1 0 0 1 1 1 1 1 1 0 1 1 1 1 1 3 3 0 0 3 3 2 3 3 3 3 3 2 2 3 3 0 1 2 2 3 3 2 3 0 1 2 2 2 3 2 3 3 3 4 5 5 5 5 5 5 5 5 5 5 5 5 5 5 5 5 5 5 5 5 5 5 5 5 5 5 5 5 5 5 5 5 5 5 5 5 5 5 5 5 5 5 5 5 5 5 5 5 5 5 5 5 5 5 5 5 5 5 5 5 5 5 5 5 5 5 5 5 5 5 5 5 5 5 5 5 5 5 5 5 5 5 5 5 5 5 5 5 5 5 5 5 5 5 5 5 5 5 5 5 5 5 5 5 5 5 5 5 5 5 5 5 5 5 5 5 5 5 5 5 5 5 5 5 5 5 5 5 5 5 5 5 5 5 5 5 5 5 5 5 5 5 5 5 5 5 5 5 5 5 5 5 5 5 5 5 5 5 5 5 5 5 5 5 5 5 5 5 5 5 5 5 5 5 5 5 5 5 5 5 5 5 5 5 5 5 5 5 5 5 5 5 5 5 5 5 5 5 5 5 5 5 5 5 5 5 5 5 5 5 5 5 5 5 5 5 5 
10.64
20.60

1 1 1 1 1 0 1 0 1 1 1 1 0 0 1 0 0 1 0 0 1 1 0 1 0 1 1 1 0 0 1 0 1 1 0 0 1 1 1 1 1 1 0 1 1 1 1 1 3 3 0 0 3 3 2 3 3 3 3 3 2 2 3 3 0 1 2 2 3 3 2 3 0 1 2 2 2 3 2 3 3 3 4 5 5 5 5 5 5 5 5 5 5 5 5 5 5 5 5 5 5 5 5 5 5 5 5 5 5 5 5 5 5 5 5 5 5 5 5 5 5 5 5 5 5 5 5 5 5 5 5 5 5 5 5 5 5 5 5 5 5 5 5 5 5 5 5 5 5 5 5 5 5 5 5 5 5 5 5 5 5 5 5 5 5 5 5 5 5 5 5 5 5 5 5 5 5 5 5 5 5 5 5 5 5 5 5 5 5 5 5 5 5 5 5 5 5 5 5 5 5 5 5 5 5 5 5 5 5 5 5 5 5 5 5 5 5 5 5 5 5 5 5 5 5 5 5 5 5 5 5 5 5 5 5 5 5 5 5 5 5 5 5 5 5 5 5 5 5 5 5 5 5 5 5 5 5 5 5 5 5 5 5 5 5 5 5 5 5 5 5 5 5 5 5 5 5 5 5 5 5 5 5 5 5 5 5 5 5 5 5 5 5 5 5 5 5 5 5 5 
10.72
20.60

1 1 1 1 1 0 1 0 1 1 1 1 0 0 1 0 0 1 0 0 1 1 0 1 1 1 1 1 0 0 1 0 1 1 0 0 1 1 1 1 1 1 0 1 1 1 1 0 0 0 1 1 1 1 0 0 1 0 1 1 0 1 0 1 0 0 0 1 3 3 0 1 2 3 0 0 3 3 3 2 3 3 3 3 4 5 5 5 5 5 5 5 5 5 5 5 5 5 5 5 5 5 5 5 5 5 5 5 5 5 5 5 5 5 5 5 5 5 5 5 5 5 5 5 5 5 5 5 5 5 5 5 5 5 5 5 5 5 5 5 5 5 5 5 5 5 5 5 5 5 5 5 5 5 5 5 5 5 5 5 5 5 5 5 5 5 5 5 5 5 5 5 5 5 5 5 5 5 5 5 5 5 5 5 5 5 5 5 5 5 5 5 5 5 5 5 5 5 5 5 5 5 5 5 5 5 5 5 5 5 5 5 5 5 5 5 5 5 5 5 5 5 5 5 5 5 5 5 5 5 5 5 5 5 5 5 5 5 5 5 5 5 5 5 5 5 5 5 5 5 5 5 5 5 5 5 5 5 5 5 5 5 5 5 5 5 5 5 5 5 5 5 5 5 5 5 5 5 5 5 5 5 5 5 5 5 5 5 5 5 5 5 5 5 5 5 5 5 5 5 
10.73
20.80

1 1 1 1 1 0 1 0 1 1 1 1 0 0 1 0 0 1 0 0 1 1 0 1 1 1 1 1 0 0 1 0 1 1 0 0 1 1 1 1 1 1 0 1 1 1 1 0 0 0 1 1 1 1 0 0 1 0 1 1 0 1 0 1 0 0 0 1 3 3 0 1 2 3 0 0 3 3 3 2 3 3 3 3 4 5 5 5 5 5 5 5 5 5 5 5 5 5 5 5 5 5 5 5 5 5 5 5 5 5 5 5 5 5 5 5 5 5 5 5 5 5 5 5 5 5 5 5 5 5 5 5 5 5 5 5 5 5 5 5 5 5 5 5 5 5 5 5 5 5 5 5 5 5 5 5 5 5 5 5 5 5 5 5 5 5 5 5 5 5 5 5 5 5 5 5 5 5 5 5 5 5 5 5 5 5 5 5 5 5 5 5 5 5 5 5 5 5 5 5 5 5 5 5 5 5 5 5 5 5 5 5 5 5 5 5 5 5 5 5 5 5 5 5 5 5 5 5 5 5 5 5 5 5 5 5 5 5 5 5 5 5 5 5 5 5 5 5 5 5 5 5 5 5 5 5 5 5 5 5 5 5 5 5 5 5 5 5 5 5 5 5 5 5 5 5 5 5 5 5 5 5 5 5 5 5 5 5 5 5 5 5 5 5 5 5 5 5 5 5 
10.91
20.80

1 1 1 1 1 0 1 0 1 1 1 1 0 0 1 0 0 1 0 0 1 1 0 1 0 1 1 1 0 0 1 0 0 1 0 0 1 1 1 1 1 1 0 1 1 1 0 0 0 0 0 1 3 2 1 1 0 1 0 0 1 0 1 0 0 1 1 0 0 1 0 0 1 0 0 0 0 0 1 1 1 0 1 0 1 1 1 1 1 1 1 1 1 1 0 0 1 0 0 0 1 1 3 3 3 3 2 3 2 3 2 3 4 5 5 5 5 5 5 5 5 5 5 5 5 5 5 5 5 5 5 5 5 5 5 5 5 5 5 5 5 5 5 5 5 5 5 5 5 5 5 5 5 5 5 5 5 5 5 5 5 5 5 5 5 5 5 5 5 5 5 5 5 5 5 5 5 5 5 5 5 5 5 5 5 5 5 5 5 5 5 5 5 5 5 5 5 5 5 5 5 5 5 5 5 5 5 5 5 5 5 5 5 5 5 5 5 5 5 5 5 5 5 5 5 5 5 5 5 5 5 5 5 5 5 5 5 5 5 5 5 5 5 5 5 5 5 5 5 5 5 5 5 5 5 5 5 5 5 5 5 5 5 5 5 5 5 5 5 5 5 5 5 5 5 5 5 5 5 5 5 5 5 5 5 5 5 5 5 5 5 5 5 5 5 5 5 5 5 5 
10.92
20.15

1 1 1 1 1 0 1 0 1 1 1 1 0 0 1 0 0 1 0 0 1 1 0 1 0 1 1 1 0 0 1 0 1 1 0 0 1 1 1 1 1 1 0 1 1 1 1 1 1 1 3 2 1 0 3 3 3 3 3 3 1 1 0 1 3 2 0 1 3 3 3 2 3 2 2 3 2 2 0 1 3 3 2 3 2 3 3 3 1 0 1 0 1 0 1 1 3 2 3 2 0 0 4 5 5 5 5 5 5 5 5 5 5 5 5 5 5 5 5 5 5 5 5 5 5 5 5 5 5 5 5 5 5 5 5 5 5 5 5 5 5 5 5 5 5 5 5 5 5 5 5 5 5 5 5 5 5 5 5 5 5 5 5 5 5 5 5 5 5 5 5 5 5 5 5 5 5 5 5 5 5 5 5 5 5 5 5 5 5 5 5 5 5 5 5 5 5 5 5 5 5 5 5 5 5 5 5 5 5 5 5 5 5 5 5 5 5 5 5 5 5 5 5 5 5 5 5 5 5 5 5 5 5 5 5 5 5 5 5 5 5 5 5 5 5 5 5 5 5 5 5 5 5 5 5 5 5 5 5 5 5 5 5 5 5 5 5 5 5 5 5 5 5 5 5 5 5 5 5 5 5 5 5 5 5 5 5 5 5 5 5 5 5 5 5 5 5 5 5 5 
10.97
20.95

1 1 1 1 1 0 1 0 1 1 1 1 0 0 1 0 0 1 1 0 1 1 0 1 0 1 1 1 0 0 1 0 1 1 0 0 1 1 1 1 1 1 0 1 1 1 0 0 0 0 0 1 3 3 2 2 1 0 1 1 0 0 0 0 1 1 0 1 1 1 1 1 0 1 3 3 2 2 1 1 0 0 3 2 3 3 2 3 0 0 3 2 3 3 2 3 3 3 3 2 3 4 5 5 5 5 5 5 5 5 5 5 5 5 5 5 5 5 5 5 5 5 5 5 5 5 5 5 5 5 5 5 5 5 5 5 5 5 5 5 5 5 5 5 5 5 5 5 5 5 5 5 5 5 5 5 5 5 5 5 5 5 5 5 5 5 5 5 5 5 5 5 5 5 5 5 5 5 5 5 5 5 5 5 5 5 5 5 5 5 5 5 5 5 5 5 5 5 5 5 5 5 5 5 5 5 5 5 5 5 5 5 5 5 5 5 5 5 5 5 5 5 5 5 5 5 5 5 5 5 5 5 5 5 5 5 5 5 5 5 5 5 5 5 5 5 5 5 5 5 5 5 5 5 5 5 5 5 5 5 5 5 5 5 5 5 5 5 5 5 5 5 5 5 5 5 5 5 5 5 5 5 5 5 5 5 5 5 5 5 5 5 5 5 5 5 5 5 5 5 
11.13
21.90

1 1 1 1 1 0 1 0 1 1 1 1 0 0 1 0 1 1 0 0 1 1 0 1 0 1 1 1 0 0 1 0 1 1 0 0 1 1 1 1 1 1 0 1 1 1 1 1 0 1 0 0 0 1 1 0 3 3 0 1 2 2 3 2 1 0 3 3 2 3 0 1 0 1 2 3 2 3 2 3 2 2 0 0 0 1 0 1 1 1 1 0 1 1 1 0 0 1 3 3 3 3 0 1 3 3 3 3 2 3 4 5 5 5 5 5 5 5 5 5 5 5 5 5 5 5 5 5 5 5 5 5 5 5 5 5 5 5 5 5 5 5 5 5 5 5 5 5 5 5 5 5 5 5 5 5 5 5 5 5 5 5 5 5 5 5 5 5 5 5 5 5 5 5 5 5 5 5 5 5 5 5 5 5 5 5 5 5 5 5 5 5 5 5 5 5 5 5 5 5 5 5 5 5 5 5 5 5 5 5 5 5 5 5 5 5 5 5 5 5 5 5 5 5 5 5 5 5 5 5 5 5 5 5 5 5 5 5 5 5 5 5 5 5 5 5 5 5 5 5 5 5 5 5 5 5 5 5 5 5 5 5 5 5 5 5 5 5 5 5 5 5 5 5 5 5 5 5 5 5 5 5 5 5 5 5 5 5 5 5 5 5 5 5 5 5 5 5 5 5 
11.17
21.90

1 1 1 1 1 0 1 0 1 1 1 1 0 0 1 0 1 1 0 0 1 1 0 1 0 1 1 1 0 0 1 0 1 1 0 0 1 1 1 1 1 1 0 1 1 1 1 1 0 1 0 0 0 1 1 0 3 3 0 1 2 2 3 2 1 0 3 3 2 3 0 1 0 1 2 3 2 3 2 3 2 2 0 0 0 1 0 1 1 1 1 0 1 1 1 0 0 1 3 3 3 3 0 1 3 3 3 3 2 3 2 3 2 3 4 5 5 5 5 5 5 5 5 5 5 5 5 5 5 5 5 5 5 5 5 5 5 5 5 5 5 5 5 5 5 5 5 5 5 5 5 5 5 5 5 5 5 5 5 5 5 5 5 5 5 5 5 5 5 5 5 5 5 5 5 5 5 5 5 5 5 5 5 5 5 5 5 5 5 5 5 5 5 5 5 5 5 5 5 5 5 5 5 5 5 5 5 5 5 5 5 5 5 5 5 5 5 5 5 5 5 5 5 5 5 5 5 5 5 5 5 5 5 5 5 5 5 5 5 5 5 5 5 5 5 5 5 5 5 5 5 5 5 5 5 5 5 5 5 5 5 5 5 5 5 5 5 5 5 5 5 5 5 5 5 5 5 5 5 5 5 5 5 5 5 5 5 5 5 5 5 5 5 5 5 5 5 5 5 5 
11.22
22.30

1 1 1 1 1 0 1 0 1 1 1 1 0 0 1 0 1 1 0 0 1 1 0 1 0 1 1 1 0 0 1 0 1 1 0 0 1 1 1 1 1 1 0 1 1 1 1 1 0 1 0 0 0 1 1 0 3 3 0 1 2 2 3 2 1 0 3 3 2 3 0 1 0 1 2 3 2 3 2 3 2 2 0 0 0 1 0 1 1 1 1 0 1 1 1 0 0 1 3 3 3 3 0 1 3 3 3 3 2 3 2 3 2 3 4 5 5 5 5 5 5 5 5 5 5 5 5 5 5 5 5 5 5 5 5 5 5 5 5 5 5 5 5 5 5 5 5 5 5 5 5 5 5 5 5 5 5 5 5 5 5 5 5 5 5 5 5 5 5 5 5 5 5 5 5 5 5 5 5 5 5 5 5 5 5 5 5 5 5 5 5 5 5 5 5 5 5 5 5 5 5 5 5 5 5 5 5 5 5 5 5 5 5 5 5 5 5 5 5 5 5 5 5 5 5 5 5 5 5 5 5 5 5 5 5 5 5 5 5 5 5 5 5 5 5 5 5 5 5 5 5 5 5 5 5 5 5 5 5 5 5 5 5 5 5 5 5 5 5 5 5 5 5 5 5 5 5 5 5 5 5 5 5 5 5 5 5 5 5 5 5 5 5 5 5 5 5 5 5 5 
11.25
22.30

1 1 1 1 1 0 1 0 1 1 1 1 0 0 1 0 1 1 0 0 1 1 0 1 0 1 1 1 0 0 1 0 1 1 0 0 1 1 1 1 1 1 0 1 1 1 1 1 0 1 0 0 0 1 1 0 3 3 0 1 2 2 3 2 1 0 3 3 2 3 0 1 0 1 2 3 2 3 2 3 2 2 0 0 0 1 0 1 1 1 1 0 1 1 1 0 0 1 3 3 3 3 0 1 3 3 3 3 2 3 2 3 2 3 4 5 5 5 5 5 5 5 5 5 5 5 5 5 5 5 5 5 5 5 5 5 5 5 5 5 5 5 5 5 5 5 5 5 5 5 5 5 5 5 5 5 5 5 5 5 5 5 5 5 5 5 5 5 5 5 5 5 5 5 5 5 5 5 5 5 5 5 5 5 5 5 5 5 5 5 5 5 5 5 5 5 5 5 5 5 5 5 5 5 5 5 5 5 5 5 5 5 5 5 5 5 5 5 5 5 5 5 5 5 5 5 5 5 5 5 5 5 5 5 5 5 5 5 5 5 5 5 5 5 5 5 5 5 5 5 5 5 5 5 5 5 5 5 5 5 5 5 5 5 5 5 5 5 5 5 5 5 5 5 5 5 5 5 5 5 5 5 5 5 5 5 5 5 5 5 5 5 5 5 5 5 5 5 5 5 
11.30
22.30

1 1 1 1 1 0 1 0 1 1 1 1 0 0 1 0 0 1 0 0 1 1 0 1 0 1 1 1 0 0 1 0 1 1 0 0 1 1 1 1 1 1 0 1 1 1 0 1 0 0 0 1 3 2 1 0 1 1 1 1 1 1 3 2 0 1 3 2 1 1 0 0 1 0 1 0 3 3 3 2 2 3 2 3 2 2 3 3 3 3 3 2 3 3 2 2 2 3 2 3 0 0 3 3 3 3 4 5 5 5 5 5 5 5 5 5 5 5 5 5 5 5 5 5 5 5 5 5 5 5 5 5 5 5 5 5 5 5 5 5 5 5 5 5 5 5 5 5 5 5 5 5 5 5 5 5 5 5 5 5 5 5 5 5 5 5 5 5 5 5 5 5 5 5 5 5 5 5 5 5 5 5 5 5 5 5 5 5 5 5 5 5 5 5 5 5 5 5 5 5 5 5 5 5 5 5 5 5 5 5 5 5 5 5 5 5 5 5 5 5 5 5 5 5 5 5 5 5 5 5 5 5 5 5 5 5 5 5 5 5 5 5 5 5 5 5 5 5 5 5 5 5 5 5 5 5 5 5 5 5 5 5 5 5 5 5 5 5 5 5 5 5 5 5 5 5 5 5 5 5 5 5 5 5 5 5 5 5 5 5 5 5 5 5 5 5 5 5 5 5 
11.45
23.45

1 1 1 1 1 0 1 0 1 1 1 1 0 0 1 0 0 1 0 0 1 1 0 1 0 1 1 1 0 0 1 0 1 1 0 0 1 1 1 1 1 1 0 1 1 1 0 1 0 0 0 1 3 2 1 0 1 1 1 1 1 1 3 2 0 1 3 2 1 1 0 0 1 0 1 0 3 3 3 2 2 3 2 3 2 2 3 3 3 3 3 2 3 3 2 2 2 3 2 3 0 0 3 3 3 3 4 5 5 5 5 5 5 5 5 5 5 5 5 5 5 5 5 5 5 5 5 5 5 5 5 5 5 5 5 5 5 5 5 5 5 5 5 5 5 5 5 5 5 5 5 5 5 5 5 5 5 5 5 5 5 5 5 5 5 5 5 5 5 5 5 5 5 5 5 5 5 5 5 5 5 5 5 5 5 5 5 5 5 5 5 5 5 5 5 5 5 5 5 5 5 5 5 5 5 5 5 5 5 5 5 5 5 5 5 5 5 5 5 5 5 5 5 5 5 5 5 5 5 5 5 5 5 5 5 5 5 5 5 5 5 5 5 5 5 5 5 5 5 5 5 5 5 5 5 5 5 5 5 5 5 5 5 5 5 5 5 5 5 5 5 5 5 5 5 5 5 5 5 5 5 5 5 5 5 5 5 5 5 5 5 5 5 5 5 5 5 5 5 5 
11.44
23.45

1 1 1 1 1 0 1 0 1 1 1 1 0 0 1 0 0 1 0 0 1 1 0 1 0 1 1 1 0 0 1 0 1 1 0 0 1 1 1 1 1 1 0 1 1 1 0 0 0 0 0 1 0 1 1 1 1 1 0 0 3 3 2 3 3 2 2 2 1 1 0 1 0 1 0 1 0 1 1 1 0 0 1 1 3 2 3 3 2 3 2 3 0 0 3 3 2 2 3 2 1 0 3 3 3 2 3 2 3 3 3 3 0 1 4 5 5 5 5 5 5 5 5 5 5 5 5 5 5 5 5 5 5 5 5 5 5 5 5 5 5 5 5 5 5 5 5 5 5 5 5 5 5 5 5 5 5 5 5 5 5 5 5 5 5 5 5 5 5 5 5 5 5 5 5 5 5 5 5 5 5 5 5 5 5 5 5 5 5 5 5 5 5 5 5 5 5 5 5 5 5 5 5 5 5 5 5 5 5 5 5 5 5 5 5 5 5 5 5 5 5 5 5 5 5 5 5 5 5 5 5 5 5 5 5 5 5 5 5 5 5 5 5 5 5 5 5 5 5 5 5 5 5 5 5 5 5 5 5 5 5 5 5 5 5 5 5 5 5 5 5 5 5 5 5 5 5 5 5 5 5 5 5 5 5 5 5 5 5 5 5 5 5 5 5 5 5 5 5 5 
11.55
24.35

1 1 1 1 1 0 1 0 1 1 1 1 0 0 1 0 0 1 0 0 1 1 0 1 0 1 1 1 0 0 1 0 1 1 0 0 1 1 1 1 1 1 0 1 1 1 0 0 0 0 0 1 0 1 1 1 1 1 0 0 3 3 2 3 3 2 2 2 1 1 0 1 0 1 0 1 0 1 1 1 0 0 1 1 3 2 3 3 2 3 2 3 0 0 3 3 2 2 3 2 1 0 3 3 3 2 3 2 3 3 3 3 0 1 4 5 5 5 5 5 5 5 5 5 5 5 5 5 5 5 5 5 5 5 5 5 5 5 5 5 5 5 5 5 5 5 5 5 5 5 5 5 5 5 5 5 5 5 5 5 5 5 5 5 5 5 5 5 5 5 5 5 5 5 5 5 5 5 5 5 5 5 5 5 5 5 5 5 5 5 5 5 5 5 5 5 5 5 5 5 5 5 5 5 5 5 5 5 5 5 5 5 5 5 5 5 5 5 5 5 5 5 5 5 5 5 5 5 5 5 5 5 5 5 5 5 5 5 5 5 5 5 5 5 5 5 5 5 5 5 5 5 5 5 5 5 5 5 5 5 5 5 5 5 5 5 5 5 5 5 5 5 5 5 5 5 5 5 5 5 5 5 5 5 5 5 5 5 5 5 5 5 5 5 5 5 5 5 5 5 
11.68
24.35

1 1 1 1 1 0 1 0 1 1 1 1 0 0 1 0 0 1 0 0 1 1 0 1 0 1 1 1 0 0 1 0 1 1 0 0 1 1 1 1 1 1 0 1 1 1 0 0 0 0 0 1 0 1 1 1 1 1 0 0 3 3 2 3 3 2 2 2 1 1 0 1 0 1 0 1 0 1 1 1 0 0 1 1 3 2 3 3 2 3 2 3 0 0 3 3 2 2 3 2 1 0 3 3 3 2 3 2 3 3 3 3 0 1 4 5 5 5 5 5 5 5 5 5 5 5 5 5 5 5 5 5 5 5 5 5 5 5 5 5 5 5 5 5 5 5 5 5 5 5 5 5 5 5 5 5 5 5 5 5 5 5 5 5 5 5 5 5 5 5 5 5 5 5 5 5 5 5 5 5 5 5 5 5 5 5 5 5 5 5 5 5 5 5 5 5 5 5 5 5 5 5 5 5 5 5 5 5 5 5 5 5 5 5 5 5 5 5 5 5 5 5 5 5 5 5 5 5 5 5 5 5 5 5 5 5 5 5 5 5 5 5 5 5 5 5 5 5 5 5 5 5 5 5 5 5 5 5 5 5 5 5 5 5 5 5 5 5 5 5 5 5 5 5 5 5 5 5 5 5 5 5 5 5 5 5 5 5 5 5 5 5 5 5 5 5 5 5 5 5 
11.76
24.35

1 1 1 1 1 0 1 0 1 1 1 1 0 0 1 0 0 1 0 0 1 1 0 1 0 1 1 1 0 0 1 0 1 1 0 0 1 1 1 1 1 1 0 1 1 1 0 0 0 0 0 1 0 1 1 1 1 1 0 0 3 3 2 3 3 2 2 2 1 1 0 1 0 1 0 1 0 1 1 1 0 0 1 1 3 2 3 3 2 3 2 3 0 0 3 3 2 2 3 2 1 0 3 3 3 2 3 2 3 3 3 3 0 1 4 5 5 5 5 5 5 5 5 5 5 5 5 5 5 5 5 5 5 5 5 5 5 5 5 5 5 5 5 5 5 5 5 5 5 5 5 5 5 5 5 5 5 5 5 5 5 5 5 5 5 5 5 5 5 5 5 5 5 5 5 5 5 5 5 5 5 5 5 5 5 5 5 5 5 5 5 5 5 5 5 5 5 5 5 5 5 5 5 5 5 5 5 5 5 5 5 5 5 5 5 5 5 5 5 5 5 5 5 5 5 5 5 5 5 5 5 5 5 5 5 5 5 5 5 5 5 5 5 5 5 5 5 5 5 5 5 5 5 5 5 5 5 5 5 5 5 5 5 5 5 5 5 5 5 5 5 5 5 5 5 5 5 5 5 5 5 5 5 5 5 5 5 5 5 5 5 5 5 5 5 5 5 5 5 5 
11.79
24.35

1 1 1 1 1 0 1 0 1 1 1 1 0 0 1 0 0 1 0 0 1 1 0 1 0 1 1 1 0 0 1 0 1 1 0 0 1 1 1 1 1 1 0 1 1 1 0 0 0 0 0 1 0 1 1 1 1 1 0 0 3 3 2 3 3 2 2 2 1 1 0 1 0 1 0 1 0 1 1 1 0 0 1 1 3 2 3 3 2 3 2 3 0 0 3 3 2 2 3 2 1 0 3 3 3 2 3 2 3 3 3 3 0 1 4 5 5 5 5 5 5 5 5 5 5 5 5 5 5 5 5 5 5 5 5 5 5 5 5 5 5 5 5 5 5 5 5 5 5 5 5 5 5 5 5 5 5 5 5 5 5 5 5 5 5 5 5 5 5 5 5 5 5 5 5 5 5 5 5 5 5 5 5 5 5 5 5 5 5 5 5 5 5 5 5 5 5 5 5 5 5 5 5 5 5 5 5 5 5 5 5 5 5 5 5 5 5 5 5 5 5 5 5 5 5 5 5 5 5 5 5 5 5 5 5 5 5 5 5 5 5 5 5 5 5 5 5 5 5 5 5 5 5 5 5 5 5 5 5 5 5 5 5 5 5 5 5 5 5 5 5 5 5 5 5 5 5 5 5 5 5 5 5 5 5 5 5 5 5 5 5 5 5 5 5 5 5 5 5 5 
11.87
24.35

1 1 1 1 1 0 1 0 1 1 1 1 1 0 1 0 0 1 0 0 1 1 0 1 0 1 1 1 0 0 1 0 1 1 0 0 1 1 1 1 1 1 0 1 1 1 1 0 1 1 1 0 1 1 0 1 0 0 3 2 1 0 3 2 3 2 0 1 0 1 1 0 1 1 0 0 3 3 3 2 3 2 2 2 3 2 1 1 0 0 3 2 3 2 3 2 0 0 1 1 3 2 3 2 3 3 3 3 0 0 3 3 2 3 3 2 3 3 4 5 5 5 5 5 5 5 5 5 5 5 5 5 5 5 5 5 5 5 5 5 5 5 5 5 5 5 5 5 5 5 5 5 5 5 5 5 5 5 5 5 5 5 5 5 5 5 5 5 5 5 5 5 5 5 5 5 5 5 5 5 5 5 5 5 5 5 5 5 5 5 5 5 5 5 5 5 5 5 5 5 5 5 5 5 5 5 5 5 5 5 5 5 5 5 5 5 5 5 5 5 5 5 5 5 5 5 5 5 5 5 5 5 5 5 5 5 5 5 5 5 5 5 5 5 5 5 5 5 5 5 5 5 5 5 5 5 5 5 5 5 5 5 5 5 5 5 5 5 5 5 5 5 5 5 5 5 5 5 5 5 5 5 5 5 5 5 5 5 5 5 5 5 5 5 5 5 5 5 5 5 
11.95
24.70

1 1 1 1 1 0 1 0 1 1 1 1 0 0 1 0 0 1 0 0 1 1 0 1 0 1 1 1 0 0 1 0 1 1 0 0 1 1 1 1 1 1 0 1 1 1 0 0 0 0 0 1 0 1 1 1 1 1 0 0 3 3 2 3 3 2 2 2 1 1 0 1 0 1 0 1 0 1 1 1 0 0 1 1 3 2 3 3 2 3 2 3 0 0 3 3 2 2 3 2 1 0 3 3 3 2 3 2 3 3 3 3 0 1 4 5 5 5 5 5 5 5 5 5 5 5 5 5 5 5 5 5 5 5 5 5 5 5 5 5 5 5 5 5 5 5 5 5 5 5 5 5 5 5 5 5 5 5 5 5 5 5 5 5 5 5 5 5 5 5 5 5 5 5 5 5 5 5 5 5 5 5 5 5 5 5 5 5 5 5 5 5 5 5 5 5 5 5 5 5 5 5 5 5 5 5 5 5 5 5 5 5 5 5 5 5 5 5 5 5 5 5 5 5 5 5 5 5 5 5 5 5 5 5 5 5 5 5 5 5 5 5 5 5 5 5 5 5 5 5 5 5 5 5 5 5 5 5 5 5 5 5 5 5 5 5 5 5 5 5 5 5 5 5 5 5 5 5 5 5 5 5 5 5 5 5 5 5 5 5 5 5 5 5 5 5 5 5 5 5 
12.04
24.35

1 1 1 1 1 0 1 0 1 1 1 1 0 0 1 0 0 1 0 0 1 1 0 1 0 1 1 1 0 0 1 0 1 1 0 0 1 1 1 1 1 1 0 1 1 0 0 1 0 1 1 1 1 1 1 0 0 1 0 1 1 1 0 1 3 3 3 2 3 2 2 2 3 2 3 3 2 2 3 3 3 2 3 2 3 2 2 2 0 1 3 2 1 1 0 0 3 3 3 3 0 0 1 0 1 1 3 2 0 1 0 0 3 3 3 3 4 5 5 5 5 5 5 5 5 5 5 5 5 5 5 5 5 5 5 5 5 5 5 5 5 5 5 5 5 5 5 5 5 5 5 5 5 5 5 5 5 5 5 5 5 5 5 5 5 5 5 5 5 5 5 5 5 5 5 5 5 5 5 5 5 5 5 5 5 5 5 5 5 5 5 5 5 5 5 5 5 5 5 5 5 5 5 5 5 5 5 5 5 5 5 5 5 5 5 5 5 5 5 5 5 5 5 5 5 5 5 5 5 5 5 5 5 5 5 5 5 5 5 5 5 5 5 5 5 5 5 5 5 5 5 5 5 5 5 5 5 5 5 5 5 5 5 5 5 5 5 5 5 5 5 5 5 5 5 5 5 5 5 5 5 5 5 5 5 5 5 5 5 5 5 5 5 5 5 5 5 5 5 5 
12.12
24.70

1 1 1 1 1 0 1 0 1 1 1 1 0 0 1 0 0 1 0 0 1 1 0 1 0 1 1 1 0 0 1 0 1 1 0 0 1 1 1 1 1 1 0 1 1 0 0 1 0 1 1 1 1 1 1 0 0 1 0 1 1 1 0 1 3 3 3 2 3 2 2 2 3 2 3 3 2 2 3 3 3 2 3 2 3 2 2 2 0 1 3 2 1 1 0 0 3 3 3 3 0 0 1 0 1 1 3 2 0 1 0 0 3 3 3 3 4 5 5 5 5 5 5 5 5 5 5 5 5 5 5 5 5 5 5 5 5 5 5 5 5 5 5 5 5 5 5 5 5 5 5 5 5 5 5 5 5 5 5 5 5 5 5 5 5 5 5 5 5 5 5 5 5 5 5 5 5 5 5 5 5 5 5 5 5 5 5 5 5 5 5 5 5 5 5 5 5 5 5 5 5 5 5 5 5 5 5 5 5 5 5 5 5 5 5 5 5 5 5 5 5 5 5 5 5 5 5 5 5 5 5 5 5 5 5 5 5 5 5 5 5 5 5 5 5 5 5 5 5 5 5 5 5 5 5 5 5 5 5 5 5 5 5 5 5 5 5 5 5 5 5 5 5 5 5 5 5 5 5 5 5 5 5 5 5 5 5 5 5 5 5 5 5 5 5 5 5 5 5 5 
12.21
24.70

1 1 1 1 1 0 1 0 1 1 1 1 0 0 1 0 0 1 1 0 1 1 0 1 0 1 1 1 0 0 1 0 1 1 0 0 1 1 1 1 1 1 0 1 1 1 0 0 0 0 0 1 3 3 2 2 1 0 1 1 0 0 0 0 1 1 0 1 1 1 1 1 0 1 3 3 2 2 1 1 0 0 3 2 3 3 2 3 0 0 3 2 3 3 2 3 3 3 3 2 3 3 0 1 2 3 2 3 0 1 0 1 2 2 3 2 3 2 3 3 4 5 5 5 5 5 5 5 5 5 5 5 5 5 5 5 5 5 5 5 5 5 5 5 5 5 5 5 5 5 5 5 5 5 5 5 5 5 5 5 5 5 5 5 5 5 5 5 5 5 5 5 5 5 5 5 5 5 5 5 5 5 5 5 5 5 5 5 5 5 5 5 5 5 5 5 5 5 5 5 5 5 5 5 5 5 5 5 5 5 5 5 5 5 5 5 5 5 5 5 5 5 5 5 5 5 5 5 5 5 5 5 5 5 5 5 5 5 5 5 5 5 5 5 5 5 5 5 5 5 5 5 5 5 5 5 5 5 5 5 5 5 5 5 5 5 5 5 5 5 5 5 5 5 5 5 5 5 5 5 5 5 5 5 5 5 5 5 5 5 5 5 5 5 5 5 5 5 5 5 
12.14
25.15

1 1 1 1 1 0 1 0 1 1 1 1 1 0 1 0 0 1 0 0 1 1 0 1 0 1 1 1 0 0 1 0 1 1 0 0 1 1 1 1 1 1 0 1 1 1 1 0 1 1 1 0 1 1 0 1 0 0 3 2 1 0 3 2 3 2 0 1 0 1 1 0 1 1 0 0 3 3 3 2 3 2 2 2 3 2 1 1 0 0 3 2 3 2 3 2 0 0 1 1 3 2 3 2 3 3 3 3 0 0 3 3 2 3 3 2 3 3 2 2 3 2 3 3 4 5 5 5 5 5 5 5 5 5 5 5 5 5 5 5 5 5 5 5 5 5 5 5 5 5 5 5 5 5 5 5 5 5 5 5 5 5 5 5 5 5 5 5 5 5 5 5 5 5 5 5 5 5 5 5 5 5 5 5 5 5 5 5 5 5 5 5 5 5 5 5 5 5 5 5 5 5 5 5 5 5 5 5 5 5 5 5 5 5 5 5 5 5 5 5 5 5 5 5 5 5 5 5 5 5 5 5 5 5 5 5 5 5 5 5 5 5 5 5 5 5 5 5 5 5 5 5 5 5 5 5 5 5 5 5 5 5 5 5 5 5 5 5 5 5 5 5 5 5 5 5 5 5 5 5 5 5 5 5 5 5 5 5 5 5 5 5 5 5 5 5 5 5 5 5 
12.36
25.40

1 1 1 1 1 0 1 0 1 1 1 1 0 0 1 0 0 1 1 0 1 1 0 1 0 1 1 1 0 0 1 0 1 1 0 0 1 1 1 1 1 1 0 1 1 1 0 0 0 0 0 1 3 3 2 2 1 0 1 1 0 0 0 0 1 1 0 1 1 1 1 1 0 1 3 3 2 2 1 1 0 0 3 2 3 3 2 3 0 0 3 2 3 3 2 3 3 3 3 2 3 3 0 1 2 3 2 3 0 1 0 1 2 2 3 2 3 2 3 3 0 1 2 3 4 5 5 5 5 5 5 5 5 5 5 5 5 5 5 5 5 5 5 5 5 5 5 5 5 5 5 5 5 5 5 5 5 5 5 5 5 5 5 5 5 5 5 5 5 5 5 5 5 5 5 5 5 5 5 5 5 5 5 5 5 5 5 5 5 5 5 5 5 5 5 5 5 5 5 5 5 5 5 5 5 5 5 5 5 5 5 5 5 5 5 5 5 5 5 5 5 5 5 5 5 5 5 5 5 5 5 5 5 5 5 5 5 5 5 5 5 5 5 5 5 5 5 5 5 5 5 5 5 5 5 5 5 5 5 5 5 5 5 5 5 5 5 5 5 5 5 5 5 5 5 5 5 5 5 5 5 5 5 5 5 5 5 5 5 5 5 5 5 5 5 5 5 5 5 5 
12.36
25.65

1 1 1 1 1 0 1 0 1 1 1 1 0 0 1 0 0 1 0 0 1 1 0 1 0 1 1 1 0 0 0 0 1 1 0 0 1 1 1 1 1 1 0 1 1 1 0 0 0 0 0 1 3 2 3 3 1 1 0 1 0 0 1 0 1 0 1 1 3 2 0 1 0 0 1 1 3 3 0 0 3 3 0 0 1 0 3 2 2 2 3 3 1 1 0 1 0 1 2 3 0 1 2 3 3 2 0 1 2 3 2 2 1 1 0 0 3 3 0 1 3 3 2 3 3 2 3 2 3 3 1 1 0 0 1 0 3 3 4 5 5 5 5 5 5 5 5 5 5 5 5 5 5 5 5 5 5 5 5 5 5 5 5 5 5 5 5 5 5 5 5 5 5 5 5 5 5 5 5 5 5 5 5 5 5 5 5 5 5 5 5 5 5 5 5 5 5 5 5 5 5 5 5 5 5 5 5 5 5 5 5 5 5 5 5 5 5 5 5 5 5 5 5 5 5 5 5 5 5 5 5 5 5 5 5 5 5 5 5 5 5 5 5 5 5 5 5 5 5 5 5 5 5 5 5 5 5 5 5 5 5 5 5 5 5 5 5 5 5 5 5 5 5 5 5 5 5 5 5 5 5 5 5 5 5 5 5 5 5 5 5 5 5 5 5 5 5 5 5 5 
12.45
25.60

1 1 1 1 1 0 1 0 1 1 1 1 0 0 1 0 0 1 0 0 1 1 1 1 0 1 1 1 0 0 1 0 1 1 0 0 1 1 1 1 1 1 0 1 1 1 0 0 0 0 0 0 1 1 3 2 3 2 1 1 1 1 1 1 0 1 3 3 3 3 0 1 0 0 3 2 1 1 2 3 0 0 3 2 1 1 0 1 3 2 3 2 0 0 3 2 3 2 1 1 0 0 1 0 1 0 1 0 1 0 3 3 2 3 2 2 1 0 1 0 3 2 3 3 2 3 3 3 4 5 5 5 5 5 5 5 5 5 5 5 5 5 5 5 5 5 5 5 5 5 5 5 5 5 5 5 5 5 5 5 5 5 5 5 5 5 5 5 5 5 5 5 5 5 5 5 5 5 5 5 5 5 5 5 5 5 5 5 5 5 5 5 5 5 5 5 5 5 5 5 5 5 5 5 5 5 5 5 5 5 5 5 5 5 5 5 5 5 5 5 5 5 5 5 5 5 5 5 5 5 5 5 5 5 5 5 5 5 5 5 5 5 5 5 5 5 5 5 5 5 5 5 5 5 5 5 5 5 5 5 5 5 5 5 5 5 5 5 5 5 5 5 5 5 5 5 5 5 5 5 5 5 5 5 5 5 5 5 5 5 5 5 5 5 5 5 5 5 5 5 
12.50
26.25

1 1 1 1 1 0 1 0 1 1 1 1 0 0 1 0 0 1 0 0 1 1 0 1 0 1 1 1 0 0 0 0 1 1 0 0 1 1 1 1 1 1 0 1 1 1 0 0 0 0 0 1 3 2 3 3 1 1 0 1 0 0 1 0 1 0 1 1 3 2 0 1 0 0 1 1 3 3 0 0 3 3 0 0 1 0 3 2 2 2 3 3 1 1 0 1 0 1 2 3 0 1 2 3 3 2 0 1 2 3 2 2 1 1 0 0 3 3 0 1 3 3 2 3 3 2 3 2 3 3 1 1 0 0 1 0 3 3 0 0 3 3 2 2 1 1 2 3 2 2 1 4 5 5 5 5 5 5 5 5 5 5 5 5 5 5 5 5 5 5 5 5 5 5 5 5 5 5 5 5 5 5 5 5 5 5 5 5 5 5 5 5 5 5 5 5 5 5 5 5 5 5 5 5 5 5 5 5 5 5 5 5 5 5 5 5 5 5 5 5 5 5 5 5 5 5 5 5 5 5 5 5 5 5 5 5 5 5 5 5 5 5 5 5 5 5 5 5 5 5 5 5 5 5 5 5 5 5 5 5 5 5 5 5 5 5 5 5 5 5 5 5 5 5 5 5 5 5 5 5 5 5 5 5 5 5 5 5 5 5 5 5 5 5 5 5 5 5 5 5 
12.59
26.40

1 1 1 1 1 0 1 0 1 1 1 1 0 0 1 0 0 1 0 0 1 1 0 1 0 1 1 1 0 0 0 0 1 1 0 0 1 1 1 1 1 1 0 1 1 1 0 0 0 0 0 1 3 2 3 3 1 1 0 1 0 0 1 0 1 0 1 1 3 2 0 1 0 0 1 1 3 3 0 0 3 3 0 0 1 0 3 2 2 2 3 3 1 1 0 1 0 1 2 3 0 1 2 3 3 2 0 1 2 3 2 2 1 1 0 0 3 3 0 1 3 3 2 3 3 2 3 2 3 3 1 1 0 0 1 0 3 3 0 0 3 3 2 2 1 1 2 3 2 2 1 4 5 5 5 5 5 5 5 5 5 5 5 5 5 5 5 5 5 5 5 5 5 5 5 5 5 5 5 5 5 5 5 5 5 5 5 5 5 5 5 5 5 5 5 5 5 5 5 5 5 5 5 5 5 5 5 5 5 5 5 5 5 5 5 5 5 5 5 5 5 5 5 5 5 5 5 5 5 5 5 5 5 5 5 5 5 5 5 5 5 5 5 5 5 5 5 5 5 5 5 5 5 5 5 5 5 5 5 5 5 5 5 5 5 5 5 5 5 5 5 5 5 5 5 5 5 5 5 5 5 5 5 5 5 5 5 5 5 5 5 5 5 5 5 5 5 5 5 5 
12.64
26.40

1 1 1 1 1 0 1 0 1 1 1 1 0 0 1 0 0 1 0 0 1 1 0 1 0 1 1 1 0 0 0 0 1 1 0 0 1 1 1 1 1 1 0 1 1 1 0 0 0 0 0 1 3 2 3 3 1 1 0 1 0 0 1 0 1 0 1 1 3 2 0 1 0 0 1 1 3 3 0 0 3 3 0 0 1 0 3 2 2 2 3 3 1 1 0 1 0 1 2 3 0 1 2 3 3 2 0 1 2 3 2 2 1 1 0 0 3 3 0 1 3 3 2 3 3 2 3 2 3 3 1 1 0 0 1 0 3 3 0 0 3 3 2 2 1 1 2 3 2 2 1 1 4 5 5 5 5 5 5 5 5 5 5 5 5 5 5 5 5 5 5 5 5 5 5 5 5 5 5 5 5 5 5 5 5 5 5 5 5 5 5 5 5 5 5 5 5 5 5 5 5 5 5 5 5 5 5 5 5 5 5 5 5 5 5 5 5 5 5 5 5 5 5 5 5 5 5 5 5 5 5 5 5 5 5 5 5 5 5 5 5 5 5 5 5 5 5 5 5 5 5 5 5 5 5 5 5 5 5 5 5 5 5 5 5 5 5 5 5 5 5 5 5 5 5 5 5 5 5 5 5 5 5 5 5 5 5 5 5 5 5 5 5 5 5 5 5 5 5 5 
12.73
27.55

1 1 1 1 1 0 1 0 1 1 1 1 0 0 1 0 0 1 0 0 1 1 0 1 0 1 1 1 0 0 0 0 1 1 0 0 1 1 1 1 1 1 0 1 1 1 0 0 0 0 0 1 3 2 3 3 1 1 0 1 0 0 1 0 1 0 1 1 3 2 0 1 0 0 1 1 3 3 0 0 3 3 0 0 1 0 3 2 2 2 3 3 1 1 0 1 0 1 2 3 0 1 2 3 3 2 0 1 2 3 2 2 1 1 0 0 3 3 0 1 3 3 2 3 3 2 3 2 3 3 1 1 0 0 1 0 3 3 0 0 3 3 2 2 1 1 2 3 2 2 1 1 2 4 5 5 5 5 5 5 5 5 5 5 5 5 5 5 5 5 5 5 5 5 5 5 5 5 5 5 5 5 5 5 5 5 5 5 5 5 5 5 5 5 5 5 5 5 5 5 5 5 5 5 5 5 5 5 5 5 5 5 5 5 5 5 5 5 5 5 5 5 5 5 5 5 5 5 5 5 5 5 5 5 5 5 5 5 5 5 5 5 5 5 5 5 5 5 5 5 5 5 5 5 5 5 5 5 5 5 5 5 5 5 5 5 5 5 5 5 5 5 5 5 5 5 5 5 5 5 5 5 5 5 5 5 5 5 5 5 5 5 5 5 5 5 5 5 5 5 
12.77
26.70

1 1 1 1 0 0 1 0 1 1 1 1 0 0 1 0 0 0 0 0 1 1 0 1 0 1 1 1 0 0 1 0 1 1 0 0 1 1 1 1 1 1 0 1 1 1 0 0 0 0 0 1 3 2 1 0 1 0 1 1 0 0 1 1 1 0 0 1 3 3 1 1 3 3 2 2 3 2 3 3 0 1 2 3 2 3 0 1 2 2 3 2 3 2 0 1 0 0 1 1 3 3 0 0 3 3 0 1 0 1 3 2 3 2 3 3 2 3 3 3 2 3 1 0 3 3 0 0 1 0 2 3 1 0 1 1 2 2 2 3 3 3 0 1 2 3 4 5 5 5 5 5 5 5 5 5 5 5 5 5 5 5 5 5 5 5 5 5 5 5 5 5 5 5 5 5 5 5 5 5 5 5 5 5 5 5 5 5 5 5 5 5 5 5 5 5 5 5 5 5 5 5 5 5 5 5 5 5 5 5 5 5 5 5 5 5 5 5 5 5 5 5 5 5 5 5 5 5 5 5 5 5 5 5 5 5 5 5 5 5 5 5 5 5 5 5 5 5 5 5 5 5 5 5 5 5 5 5 5 5 5 5 5 5 5 5 5 5 5 5 5 5 5 5 5 5 5 5 5 5 5 5 5 5 5 5 5 5 5 5 5 5 5 5 5 5 5 5 5 5 
12.93
26.55

1 1 1 1 0 0 1 0 1 1 1 1 0 0 1 0 0 0 0 0 1 1 0 1 0 1 1 1 0 0 1 0 1 1 0 0 1 1 1 1 1 1 0 1 1 1 0 0 0 0 0 1 3 2 1 0 1 0 1 1 0 0 1 1 1 0 0 1 3 3 1 1 3 3 2 2 3 2 3 3 0 1 2 3 2 3 0 1 2 2 3 2 3 2 0 1 0 0 1 1 3 3 0 0 3 3 0 1 0 1 3 2 3 2 3 3 2 3 3 3 2 3 1 0 3 3 0 0 1 0 2 3 1 0 1 1 2 2 2 3 3 3 0 1 2 3 4 5 5 5 5 5 5 5 5 5 5 5 5 5 5 5 5 5 5 5 5 5 5 5 5 5 5 5 5 5 5 5 5 5 5 5 5 5 5 5 5 5 5 5 5 5 5 5 5 5 5 5 5 5 5 5 5 5 5 5 5 5 5 5 5 5 5 5 5 5 5 5 5 5 5 5 5 5 5 5 5 5 5 5 5 5 5 5 5 5 5 5 5 5 5 5 5 5 5 5 5 5 5 5 5 5 5 5 5 5 5 5 5 5 5 5 5 5 5 5 5 5 5 5 5 5 5 5 5 5 5 5 5 5 5 5 5 5 5 5 5 5 5 5 5 5 5 5 5 5 5 5 5 5 
12.90
26.55

1 1 1 1 1 0 1 0 1 1 1 1 0 0 1 0 0 1 0 0 1 1 0 1 0 1 1 1 0 0 1 0 1 1 0 0 1 1 1 1 1 1 0 1 1 1 0 0 0 1 0 1 3 2 3 3 3 2 2 3 2 2 0 0 0 1 1 1 0 0 1 1 1 1 1 1 1 0 1 0 1 1 1 0 3 3 3 2 3 2 2 3 2 2 0 0 1 0 0 0 0 0 0 1 1 1 0 1 1 1 3 3 2 2 3 2 3 3 0 1 2 3 0 0 3 3 3 3 2 3 3 3 2 2 3 3 4 5 5 5 5 5 5 5 5 5 5 5 5 5 5 5 5 5 5 5 5 5 5 5 5 5 5 5 5 5 5 5 5 5 5 5 5 5 5 5 5 5 5 5 5 5 5 5 5 5 5 5 5 5 5 5 5 5 5 5 5 5 5 5 5 5 5 5 5 5 5 5 5 5 5 5 5 5 5 5 5 5 5 5 5 5 5 5 5 5 5 5 5 5 5 5 5 5 5 5 5 5 5 5 5 5 5 5 5 5 5 5 5 5 5 5 5 5 5 5 5 5 5 5 5 5 5 5 5 5 5 5 5 5 5 5 5 5 5 5 5 5 5 5 5 5 5 5 5 5 5 5 5 5 5 5 5 5 5 5 5 5 5 5 
13.01
27.45

1 1 1 1 1 0 1 0 1 1 1 1 0 0 1 0 0 1 0 0 1 1 0 1 0 1 1 1 0 0 1 1 1 1 0 0 1 1 1 1 1 1 0 1 1 1 0 0 0 1 1 1 1 1 3 2 1 0 0 1 0 1 3 2 1 0 3 2 3 2 1 0 1 0 3 3 2 2 1 1 3 2 0 1 1 1 3 3 3 2 3 3 2 2 3 3 3 3 2 3 3 2 3 2 3 3 1 0 2 3 3 3 3 2 2 3 2 2 1 0 3 3 3 3 3 2 3 2 3 3 2 2 2 3 2 3 3 2 3 4 5 5 5 5 5 5 5 5 5 5 5 5 5 5 5 5 5 5 5 5 5 5 5 5 5 5 5 5 5 5 5 5 5 5 5 5 5 5 5 5 5 5 5 5 5 5 5 5 5 5 5 5 5 5 5 5 5 5 5 5 5 5 5 5 5 5 5 5 5 5 5 5 5 5 5 5 5 5 5 5 5 5 5 5 5 5 5 5 5 5 5 5 5 5 5 5 5 5 5 5 5 5 5 5 5 5 5 5 5 5 5 5 5 5 5 5 5 5 5 5 5 5 5 5 5 5 5 5 5 5 5 5 5 5 5 5 5 5 5 5 5 5 5 5 5 5 5 5 5 5 5 5 5 5 5 5 5 5 5 5 
13.06
26.65

1 1 1 1 1 0 1 0 1 1 1 1 0 0 1 0 0 1 0 0 1 1 0 1 0 1 1 1 0 0 1 1 1 1 0 0 1 1 1 1 1 1 0 1 1 1 0 0 0 1 1 1 1 1 3 2 1 0 0 1 0 1 3 2 1 0 3 2 3 2 1 0 1 0 3 3 2 2 1 1 3 2 0 1 1 1 3 3 3 2 3 3 2 2 3 3 3 3 2 3 3 2 3 2 3 3 1 0 2 3 3 3 3 2 2 3 2 2 1 0 3 3 3 3 3 2 3 2 3 3 2 2 2 3 2 3 3 2 3 3 3 2 4 5 5 5 5 5 5 5 5 5 5 5 5 5 5 5 5 5 5 5 5 5 5 5 5 5 5 5 5 5 5 5 5 5 5 5 5 5 5 5 5 5 5 5 5 5 5 5 5 5 5 5 5 5 5 5 5 5 5 5 5 5 5 5 5 5 5 5 5 5 5 5 5 5 5 5 5 5 5 5 5 5 5 5 5 5 5 5 5 5 5 5 5 5 5 5 5 5 5 5 5 5 5 5 5 5 5 5 5 5 5 5 5 5 5 5 5 5 5 5 5 5 5 5 5 5 5 5 5 5 5 5 5 5 5 5 5 5 5 5 5 5 5 5 5 5 5 5 5 5 5 5 5 5 5 5 5 5 
13.21
28.05

1 1 1 1 1 0 1 0 1 1 1 1 0 0 1 0 0 1 0 0 1 1 0 1 0 1 1 1 0 0 1 0 1 1 0 0 1 1 1 1 1 1 0 1 1 1 0 0 1 0 0 1 3 2 3 3 3 3 2 2 3 3 2 3 2 3 2 2 2 2 1 1 0 1 1 1 3 3 2 2 3 2 0 1 3 3 2 3 0 0 1 0 1 0 1 1 0 1 0 1 2 3 0 1 2 3 2 2 3 2 3 2 1 0 0 1 1 0 3 2 3 2 3 2 0 1 0 1 0 1 1 1 3 3 3 3 3 3 1 1 3 2 0 0 2 3 2 2 0 1 3 2 2 3 3 3 1 1 3 2 0 1 0 0 2 2 0 0 3 3 3 2 4 5 5 5 5 5 5 5 5 5 5 5 5 5 5 5 5 5 5 5 5 5 5 5 5 5 5 5 5 5 5 5 5 5 5 5 5 5 5 5 5 5 5 5 5 5 5 5 5 5 5 5 5 5 5 5 5 5 5 5 5 5 5 5 5 5 5 5 5 5 5 5 5 5 5 5 5 5 5 5 5 5 5 5 5 5 5 5 5 5 5 5 5 5 5 5 5 5 5 5 5 5 5 5 5 5 5 5 5 5 5 5 5 5 5 5 5 5 5 5 5 5 5 5 5 5 5 5 
13.23
29.65

1 1 1 1 1 0 1 0 1 1 1 1 0 0 1 0 0 1 0 0 1 1 0 1 0 1 1 1 0 0 1 0 1 1 0 0 1 1 1 1 1 1 0 1 1 1 0 0 1 0 0 1 3 2 3 3 3 3 2 2 3 3 2 3 2 3 2 2 2 2 1 1 0 1 1 1 3 3 2 2 3 2 0 1 3 3 2 3 0 0 1 0 1 0 1 1 0 1 0 1 2 3 0 1 2 3 2 2 3 2 3 2 1 0 0 1 1 0 3 2 3 2 3 2 0 1 0 1 0 1 1 1 3 3 3 3 3 3 1 1 3 2 0 0 2 3 2 2 0 1 3 2 2 3 3 3 1 1 3 2 0 1 0 0 2 2 0 0 3 3 3 2 3 4 5 5 5 5 5 5 5 5 5 5 5 5 5 5 5 5 5 5 5 5 5 5 5 5 5 5 5 5 5 5 5 5 5 5 5 5 5 5 5 5 5 5 5 5 5 5 5 5 5 5 5 5 5 5 5 5 5 5 5 5 5 5 5 5 5 5 5 5 5 5 5 5 5 5 5 5 5 5 5 5 5 5 5 5 5 5 5 5 5 5 5 5 5 5 5 5 5 5 5 5 5 5 5 5 5 5 5 5 5 5 5 5 5 5 5 5 5 5 5 5 5 5 5 5 5 5 
13.33
30.75

1 1 1 1 1 0 1 0 1 1 1 1 0 0 1 0 0 1 0 0 1 1 0 1 0 1 1 1 0 0 1 0 1 1 0 0 1 1 1 1 1 1 0 1 1 1 0 0 1 0 0 1 3 2 3 3 3 3 2 2 3 3 2 3 2 3 2 2 2 2 1 1 0 1 1 1 3 3 2 2 3 2 0 1 3 3 2 3 0 0 1 0 1 0 1 1 0 1 0 1 2 3 0 1 2 3 2 2 3 2 3 2 1 0 0 1 1 0 3 2 3 2 3 2 0 1 0 1 0 1 1 1 3 3 3 3 3 3 1 1 3 2 0 0 2 3 2 2 0 1 3 2 2 3 3 3 1 1 3 2 0 1 0 0 2 2 0 0 3 3 3 2 3 4 5 5 5 5 5 5 5 5 5 5 5 5 5 5 5 5 5 5 5 5 5 5 5 5 5 5 5 5 5 5 5 5 5 5 5 5 5 5 5 5 5 5 5 5 5 5 5 5 5 5 5 5 5 5 5 5 5 5 5 5 5 5 5 5 5 5 5 5 5 5 5 5 5 5 5 5 5 5 5 5 5 5 5 5 5 5 5 5 5 5 5 5 5 5 5 5 5 5 5 5 5 5 5 5 5 5 5 5 5 5 5 5 5 5 5 5 5 5 5 5 5 5 5 5 5 5 
13.41
30.75

1 1 1 1 1 0 1 0 1 1 1 1 0 0 1 0 0 1 0 0 1 1 0 1 0 1 1 1 0 0 1 0 1 1 0 0 1 1 1 1 1 1 0 1 1 1 0 0 1 0 0 1 3 2 3 3 3 3 2 2 3 3 2 3 2 3 2 2 2 2 1 1 0 1 1 1 3 3 2 2 3 2 0 1 3 3 2 3 0 0 1 0 1 0 1 1 0 1 0 1 2 3 0 1 2 3 2 2 3 2 3 2 1 0 0 1 1 0 3 2 3 2 3 2 0 1 0 1 0 1 1 1 3 3 3 3 3 3 1 1 3 2 0 0 2 3 2 2 0 1 3 2 2 3 3 3 1 1 3 2 0 1 0 0 2 2 0 0 3 3 3 2 3 2 4 5 5 5 5 5 5 5 5 5 5 5 5 5 5 5 5 5 5 5 5 5 5 5 5 5 5 5 5 5 5 5 5 5 5 5 5 5 5 5 5 5 5 5 5 5 5 5 5 5 5 5 5 5 5 5 5 5 5 5 5 5 5 5 5 5 5 5 5 5 5 5 5 5 5 5 5 5 5 5 5 5 5 5 5 5 5 5 5 5 5 5 5 5 5 5 5 5 5 5 5 5 5 5 5 5 5 5 5 5 5 5 5 5 5 5 5 5 5 5 5 5 5 5 5 5 
13.51
29.85

1 1 1 1 1 0 1 0 1 1 1 1 0 0 1 0 0 1 0 0 1 1 0 1 0 1 1 1 0 0 1 1 1 1 0 0 1 1 1 1 1 1 0 1 1 1 0 0 0 1 1 1 1 1 3 2 1 0 0 1 0 1 3 2 1 0 3 2 3 2 1 0 1 0 3 3 2 2 1 1 3 2 0 1 1 1 3 3 3 2 3 3 2 2 3 3 3 3 2 3 3 2 3 2 3 3 1 0 2 3 3 3 3 2 2 3 2 2 1 0 3 3 3 3 3 2 3 2 3 3 2 2 2 3 2 3 3 2 3 3 3 2 3 3 2 2 3 4 5 5 5 5 5 5 5 5 5 5 5 5 5 5 5 5 5 5 5 5 5 5 5 5 5 5 5 5 5 5 5 5 5 5 5 5 5 5 5 5 5 5 5 5 5 5 5 5 5 5 5 5 5 5 5 5 5 5 5 5 5 5 5 5 5 5 5 5 5 5 5 5 5 5 5 5 5 5 5 5 5 5 5 5 5 5 5 5 5 5 5 5 5 5 5 5 5 5 5 5 5 5 5 5 5 5 5 5 5 5 5 5 5 5 5 5 5 5 5 5 5 5 5 5 5 5 5 5 5 5 5 5 5 5 5 5 5 5 5 5 5 5 5 5 5 5 5 5 5 5 5 5 
13.48
29.65

1 1 1 1 1 0 1 0 1 1 1 1 0 0 1 0 0 1 0 0 1 1 0 1 0 1 1 1 0 0 1 1 1 1 0 0 1 1 1 1 1 1 0 1 1 1 0 0 0 1 1 1 1 1 3 2 1 0 0 1 0 1 3 2 1 0 3 2 3 2 1 0 1 0 3 3 2 2 1 1 3 2 0 1 1 1 3 3 3 2 3 3 2 2 3 3 3 3 2 3 3 2 3 2 3 3 1 0 2 3 3 3 3 2 2 3 2 2 1 0 3 3 3 3 3 2 3 2 3 3 2 2 2 3 2 3 3 2 3 3 3 2 3 3 2 2 3 2 3 2 2 3 3 2 2 4 5 5 5 5 5 5 5 5 5 5 5 5 5 5 5 5 5 5 5 5 5 5 5 5 5 5 5 5 5 5 5 5 5 5 5 5 5 5 5 5 5 5 5 5 5 5 5 5 5 5 5 5 5 5 5 5 5 5 5 5 5 5 5 5 5 5 5 5 5 5 5 5 5 5 5 5 5 5 5 5 5 5 5 5 5 5 5 5 5 5 5 5 5 5 5 5 5 5 5 5 5 5 5 5 5 5 5 5 5 5 5 5 5 5 5 5 5 5 5 5 5 5 5 5 5 5 5 5 5 5 5 5 5 5 5 5 5 5 5 5 5 5 5 5 
13.65
28.60

1 1 1 1 1 0 1 0 1 1 1 1 0 0 1 0 0 1 0 0 1 1 0 1 0 1 1 1 0 0 1 1 1 1 0 0 1 1 1 1 1 1 0 1 1 1 0 0 0 1 1 1 1 1 3 2 1 0 0 1 0 1 3 2 1 0 3 2 3 2 1 0 1 0 3 3 2 2 1 1 3 2 0 1 1 1 3 3 3 2 3 3 2 2 3 3 3 3 2 3 3 2 3 2 3 3 1 0 2 3 3 3 3 2 2 3 2 2 1 0 3 3 3 3 3 2 3 2 3 3 2 2 2 3 2 3 3 2 3 3 3 2 3 3 2 2 3 2 3 2 2 3 3 2 2 4 5 5 5 5 5 5 5 5 5 5 5 5 5 5 5 5 5 5 5 5 5 5 5 5 5 5 5 5 5 5 5 5 5 5 5 5 5 5 5 5 5 5 5 5 5 5 5 5 5 5 5 5 5 5 5 5 5 5 5 5 5 5 5 5 5 5 5 5 5 5 5 5 5 5 5 5 5 5 5 5 5 5 5 5 5 5 5 5 5 5 5 5 5 5 5 5 5 5 5 5 5 5 5 5 5 5 5 5 5 5 5 5 5 5 5 5 5 5 5 5 5 5 5 5 5 5 5 5 5 5 5 5 5 5 5 5 5 5 5 5 5 5 5 5 
13.69
28.60

1 1 1 1 1 1 1 0 1 1 1 1 0 0 1 0 0 1 0 0 1 1 0 1 0 1 1 1 0 0 1 0 1 1 0 0 1 1 1 1 1 1 0 1 1 1 0 0 0 0 0 1 3 2 3 2 1 1 0 1 0 0 1 0 1 1 0 0 1 1 0 0 1 1 0 0 0 0 0 0 1 1 0 0 0 1 0 1 0 0 1 0 1 0 0 0 0 0 0 0 1 0 1 1 1 1 1 0 1 0 0 1 1 0 0 1 1 0 0 0 1 0 1 1 1 1 0 1 1 0 0 0 1 1 3 2 3 3 0 1 0 1 0 0 1 1 0 0 1 1 2 2 0 1 3 3 2 3 0 1 0 0 1 1 2 2 0 0 0 0 3 3 0 1 0 1 1 1 1 0 1 0 1 1 0 1 2 3 2 2 1 0 3 3 2 2 0 0 0 0 3 2 1 4 5 5 5 5 5 5 5 5 5 5 5 5 5 5 5 5 5 5 5 5 5 5 5 5 5 5 5 5 5 5 5 5 5 5 5 5 5 5 5 5 5 5 5 5 5 5 5 5 5 5 5 5 5 5 5 5 5 5 5 5 5 5 5 5 5 5 5 5 5 5 5 5 5 5 5 5 5 5 5 5 5 5 5 5 5 5 5 5 5 5 5 5 5 5 5 5 
13.83
28.85

1 1 1 1 1 0 1 0 1 1 1 1 0 0 1 0 0 1 0 0 1 1 0 1 0 1 1 1 0 0 1 1 1 1 0 0 1 1 1 1 1 1 0 1 1 1 0 0 0 1 1 1 1 1 3 2 1 0 0 1 0 1 3 2 1 0 3 2 3 2 1 0 1 0 3 3 2 2 1 1 3 2 0 1 1 1 3 3 3 2 3 3 2 2 3 3 3 3 2 3 3 2 3 2 3 3 1 0 2 3 3 3 3 2 2 3 2 2 1 0 3 3 3 3 3 2 3 2 3 3 2 2 2 3 2 3 3 2 3 3 3 2 3 3 2 2 3 2 3 2 2 3 3 2 2 3 3 2 2 4 5 5 5 5 5 5 5 5 5 5 5 5 5 5 5 5 5 5 5 5 5 5 5 5 5 5 5 5 5 5 5 5 5 5 5 5 5 5 5 5 5 5 5 5 5 5 5 5 5 5 5 5 5 5 5 5 5 5 5 5 5 5 5 5 5 5 5 5 5 5 5 5 5 5 5 5 5 5 5 5 5 5 5 5 5 5 5 5 5 5 5 5 5 5 5 5 5 5 5 5 5 5 5 5 5 5 5 5 5 5 5 5 5 5 5 5 5 5 5 5 5 5 5 5 5 5 5 5 5 5 5 5 5 5 5 5 5 5 5 5 
13.84
29.10

1 1 1 1 1 0 1 0 1 1 1 1 1 0 1 0 0 1 0 0 1 1 0 1 0 1 1 1 0 0 1 0 1 1 0 0 1 1 1 1 1 1 0 1 1 1 0 0 0 0 0 1 3 2 3 2 1 1 1 1 0 0 0 1 0 0 1 1 1 1 1 1 0 0 3 2 3 3 2 3 0 0 3 3 2 2 3 2 3 2 1 0 3 2 3 2 1 1 2 2 1 0 0 0 1 1 1 1 3 2 0 1 1 1 0 1 0 1 0 1 1 1 3 3 2 3 2 2 0 0 0 0 1 1 0 1 1 1 3 3 3 3 3 2 2 3 3 3 2 3 1 0 3 3 1 1 3 3 3 2 1 0 3 3 3 3 4 5 5 5 5 5 5 5 5 5 5 5 5 5 5 5 5 5 5 5 5 5 5 5 5 5 5 5 5 5 5 5 5 5 5 5 5 5 5 5 5 5 5 5 5 5 5 5 5 5 5 5 5 5 5 5 5 5 5 5 5 5 5 5 5 5 5 5 5 5 5 5 5 5 5 5 5 5 5 5 5 5 5 5 5 5 5 5 5 5 5 5 5 5 5 5 5 5 5 5 5 5 5 5 5 5 5 5 5 5 5 5 5 5 5 5 5 5 5 5 5 5 5 5 5 5 5 5 5 5 5 5 5 5 
13.84
29.50

1 1 1 1 1 1 1 0 1 1 1 1 0 0 1 0 0 1 0 0 1 1 0 1 0 1 1 1 0 0 1 0 1 1 0 0 1 1 1 1 1 1 0 1 1 1 0 0 0 0 0 1 3 2 3 2 1 1 0 1 0 0 1 0 1 1 0 0 1 1 0 0 1 1 0 0 0 0 0 0 1 1 0 0 0 1 0 1 0 0 1 0 1 0 0 0 0 0 0 0 1 0 1 1 1 1 1 0 1 0 0 1 1 0 0 1 1 0 0 0 1 0 1 1 1 1 0 1 1 0 0 0 1 1 3 2 3 3 0 1 0 1 0 0 1 1 0 0 1 1 2 2 0 1 3 3 2 3 0 1 0 0 1 1 2 2 0 0 0 0 3 3 0 1 0 1 1 1 1 0 1 0 1 1 0 1 2 3 2 2 1 0 3 3 2 2 0 0 0 0 3 2 1 1 4 5 5 5 5 5 5 5 5 5 5 5 5 5 5 5 5 5 5 5 5 5 5 5 5 5 5 5 5 5 5 5 5 5 5 5 5 5 5 5 5 5 5 5 5 5 5 5 5 5 5 5 5 5 5 5 5 5 5 5 5 5 5 5 5 5 5 5 5 5 5 5 5 5 5 5 5 5 5 5 5 5 5 5 5 5 5 5 5 5 5 5 5 5 5 5 
13.98
29.00

1 1 1 1 1 0 1 0 1 1 1 1 1 0 1 0 0 1 0 0 1 1 0 1 0 1 1 1 0 0 1 0 1 1 0 0 1 1 1 1 1 1 0 1 1 1 0 0 0 0 0 1 3 2 3 2 1 1 1 1 0 0 0 1 0 0 1 1 1 1 1 1 0 0 3 2 3 3 2 3 0 0 3 3 2 2 3 2 3 2 1 0 3 2 3 2 1 1 2 2 1 0 0 0 1 1 1 1 3 2 0 1 1 1 0 1 0 1 0 1 1 1 3 3 2 3 2 2 0 0 0 0 1 1 0 1 1 1 3 3 3 3 3 2 2 3 3 3 2 3 1 0 3 3 1 1 3 3 3 2 1 0 3 3 3 3 2 3 4 5 5 5 5 5 5 5 5 5 5 5 5 5 5 5 5 5 5 5 5 5 5 5 5 5 5 5 5 5 5 5 5 5 5 5 5 5 5 5 5 5 5 5 5 5 5 5 5 5 5 5 5 5 5 5 5 5 5 5 5 5 5 5 5 5 5 5 5 5 5 5 5 5 5 5 5 5 5 5 5 5 5 5 5 5 5 5 5 5 5 5 5 5 5 5 5 5 5 5 5 5 5 5 5 5 5 5 5 5 5 5 5 5 5 5 5 5 5 5 5 5 5 5 5 5 5 5 5 5 5 5 
14.15
29.70

1 1 1 1 1 0 1 0 1 1 1 1 1 0 1 0 0 1 0 0 1 1 0 1 0 1 1 1 0 0 1 0 1 1 0 0 1 1 1 1 1 1 0 1 1 1 0 0 0 0 0 1 3 2 3 2 1 1 1 1 0 0 0 1 0 0 1 1 1 1 1 1 0 0 3 2 3 3 2 3 0 0 3 3 2 2 3 2 3 2 1 0 3 2 3 2 1 1 2 2 1 0 0 0 1 1 1 1 3 2 0 1 1 1 0 1 0 1 0 1 1 1 3 3 2 3 2 2 0 0 0 0 1 1 0 1 1 1 3 3 3 3 3 2 2 3 3 3 2 3 1 0 3 3 1 1 3 3 3 2 1 0 3 3 3 3 2 3 2 3 3 4 5 5 5 5 5 5 5 5 5 5 5 5 5 5 5 5 5 5 5 5 5 5 5 5 5 5 5 5 5 5 5 5 5 5 5 5 5 5 5 5 5 5 5 5 5 5 5 5 5 5 5 5 5 5 5 5 5 5 5 5 5 5 5 5 5 5 5 5 5 5 5 5 5 5 5 5 5 5 5 5 5 5 5 5 5 5 5 5 5 5 5 5 5 5 5 5 5 5 5 5 5 5 5 5 5 5 5 5 5 5 5 5 5 5 5 5 5 5 5 5 5 5 5 5 5 5 5 5 
14.11
31.05

1 1 1 1 1 0 1 0 1 1 1 1 1 0 1 0 0 1 0 0 1 1 0 1 0 1 1 1 0 0 1 0 1 1 0 0 1 1 1 1 1 1 0 1 1 1 0 0 0 0 0 1 3 2 3 2 1 1 1 1 0 0 0 1 0 0 1 1 1 1 1 1 0 0 3 2 3 3 2 3 0 0 3 3 2 2 3 2 3 2 1 0 3 2 3 2 1 1 2 2 1 0 0 0 1 1 1 1 3 2 0 1 1 1 0 1 0 1 0 1 1 1 3 3 2 3 2 2 0 0 0 0 1 1 0 1 1 1 3 3 3 3 3 2 2 3 3 3 2 3 1 0 3 3 1 1 3 3 3 2 1 0 3 3 3 3 2 3 2 3 3 4 5 5 5 5 5 5 5 5 5 5 5 5 5 5 5 5 5 5 5 5 5 5 5 5 5 5 5 5 5 5 5 5 5 5 5 5 5 5 5 5 5 5 5 5 5 5 5 5 5 5 5 5 5 5 5 5 5 5 5 5 5 5 5 5 5 5 5 5 5 5 5 5 5 5 5 5 5 5 5 5 5 5 5 5 5 5 5 5 5 5 5 5 5 5 5 5 5 5 5 5 5 5 5 5 5 5 5 5 5 5 5 5 5 5 5 5 5 5 5 5 5 5 5 5 5 5 5 5 
14.09
31.05

1 1 1 1 1 0 1 0 1 1 1 1 1 0 1 0 0 1 0 0 1 1 0 1 0 1 1 1 0 0 1 0 1 1 0 0 1 1 1 1 1 1 0 1 1 1 0 0 0 0 0 1 3 2 3 2 1 1 1 1 0 0 0 1 0 0 1 1 1 1 1 1 0 0 3 2 3 3 2 3 0 0 3 3 2 2 3 2 3 2 1 0 3 2 3 2 1 1 2 2 1 0 0 0 1 1 1 1 3 2 0 1 1 1 0 1 0 1 0 1 1 1 3 3 2 3 2 2 0 0 0 0 1 1 0 1 1 1 3 3 3 3 3 2 2 3 3 3 2 3 1 0 3 3 1 1 3 3 3 2 1 0 3 3 3 3 2 3 2 3 3 4 5 5 5 5 5 5 5 5 5 5 5 5 5 5 5 5 5 5 5 5 5 5 5 5 5 5 5 5 5 5 5 5 5 5 5 5 5 5 5 5 5 5 5 5 5 5 5 5 5 5 5 5 5 5 5 5 5 5 5 5 5 5 5 5 5 5 5 5 5 5 5 5 5 5 5 5 5 5 5 5 5 5 5 5 5 5 5 5 5 5 5 5 5 5 5 5 5 5 5 5 5 5 5 5 5 5 5 5 5 5 5 5 5 5 5 5 5 5 5 5 5 5 5 5 5 5 5 5 
14.28
31.05

1 1 1 1 1 0 1 0 1 1 1 1 1 0 1 0 0 1 0 0 1 1 0 1 0 1 1 1 0 0 1 0 1 1 0 0 1 1 1 1 1 1 0 1 1 1 0 0 0 0 0 1 3 2 3 2 1 1 1 1 0 0 0 1 0 0 1 1 1 1 1 1 0 0 3 2 3 3 2 3 0 0 3 3 2 2 3 2 3 2 1 0 3 2 3 2 1 1 2 2 1 0 0 0 1 1 1 1 3 2 0 1 1 1 0 1 0 1 0 1 1 1 3 3 2 3 2 2 0 0 0 0 1 1 0 1 1 1 3 3 3 3 3 2 2 3 3 3 2 3 1 0 3 3 1 1 3 3 3 2 1 0 3 3 3 3 2 3 2 3 3 4 5 5 5 5 5 5 5 5 5 5 5 5 5 5 5 5 5 5 5 5 5 5 5 5 5 5 5 5 5 5 5 5 5 5 5 5 5 5 5 5 5 5 5 5 5 5 5 5 5 5 5 5 5 5 5 5 5 5 5 5 5 5 5 5 5 5 5 5 5 5 5 5 5 5 5 5 5 5 5 5 5 5 5 5 5 5 5 5 5 5 5 5 5 5 5 5 5 5 5 5 5 5 5 5 5 5 5 5 5 5 5 5 5 5 5 5 5 5 5 5 5 5 5 5 5 5 5 5 
14.36
31.05

1 1 1 1 1 0 1 0 1 1 1 1 0 0 1 0 0 1 0 0 1 1 0 1 0 1 1 1 0 0 1 0 1 1 0 0 1 1 1 1 1 1 0 1 1 1 1 1 1 1 3 2 1 0 3 3 3 3 3 3 1 1 0 1 3 2 0 1 3 3 3 2 3 2 2 3 2 2 0 1 3 3 2 3 2 3 3 3 1 0 1 0 1 0 1 1 3 2 3 2 0 0 2 2 3 2 3 3 2 3 1 0 2 3 2 3 1 0 1 0 2 2 2 2 0 0 1 1 3 2 0 1 3 2 0 1 0 0 1 1 0 1 0 1 3 3 2 3 2 3 3 2 3 3 1 1 3 3 3 3 3 4 5 5 5 5 5 5 5 5 5 5 5 5 5 5 5 5 5 5 5 5 5 5 5 5 5 5 5 5 5 5 5 5 5 5 5 5 5 5 5 5 5 5 5 5 5 5 5 5 5 5 5 5 5 5 5 5 5 5 5 5 5 5 5 5 5 5 5 5 5 5 5 5 5 5 5 5 5 5 5 5 5 5 5 5 5 5 5 5 5 5 5 5 5 5 5 5 5 5 5 5 5 5 5 5 5 5 5 5 5 5 5 5 5 5 5 5 5 5 5 5 5 5 5 5 5 5 5 5 5 5 5 5 5 5 5 5 5 5 
14.40
31.35

1 1 1 1 1 0 1 0 1 1 1 1 1 0 1 0 0 1 0 0 1 1 0 1 0 1 1 1 0 0 1 0 1 1 0 0 1 1 1 1 1 1 0 1 1 1 0 0 0 0 0 1 3 2 3 2 1 1 1 1 0 0 0 1 0 0 1 1 1 1 1 1 0 0 3 2 3 3 2 3 0 0 3 3 2 2 3 2 3 2 1 0 3 2 3 2 1 1 2 2 1 0 0 0 1 1 1 1 3 2 0 1 1 1 0 1 0 1 0 1 1 1 3 3 2 3 2 2 0 0 0 0 1 1 0 1 1 1 3 3 3 3 3 2 2 3 3 3 2 3 1 0 3 3 1 1 3 3 3 2 1 0 3 3 3 3 2 3 2 3 3 4 5 5 5 5 5 5 5 5 5 5 5 5 5 5 5 5 5 5 5 5 5 5 5 5 5 5 5 5 5 5 5 5 5 5 5 5 5 5 5 5 5 5 5 5 5 5 5 5 5 5 5 5 5 5 5 5 5 5 5 5 5 5 5 5 5 5 5 5 5 5 5 5 5 5 5 5 5 5 5 5 5 5 5 5 5 5 5 5 5 5 5 5 5 5 5 5 5 5 5 5 5 5 5 5 5 5 5 5 5 5 5 5 5 5 5 5 5 5 5 5 5 5 5 5 5 5 5 5 
14.45
31.05

1 1 0 1 1 0 1 0 1 1 1 1 1 0 1 0 0 1 0 0 1 1 0 1 0 1 1 1 0 0 1 0 1 1 0 0 1 1 1 1 1 1 0 1 1 1 0 0 0 0 0 0 3 2 3 3 1 1 0 1 0 0 1 0 1 1 0 0 1 1 0 0 1 1 0 0 1 0 1 1 3 3 2 3 2 3 2 3 0 0 1 1 0 1 0 0 1 1 0 0 3 3 3 3 3 2 3 3 2 3 1 0 2 2 3 2 2 3 3 2 3 2 3 2 3 2 2 3 3 3 2 3 1 1 0 0 3 2 2 3 2 3 3 2 3 3 2 2 1 1 2 2 3 3 2 2 2 3 2 3 2 2 1 1 3 3 1 1 2 3 4 5 5 5 5 5 5 5 5 5 5 5 5 5 5 5 5 5 5 5 5 5 5 5 5 5 5 5 5 5 5 5 5 5 5 5 5 5 5 5 5 5 5 5 5 5 5 5 5 5 5 5 5 5 5 5 5 5 5 5 5 5 5 5 5 5 5 5 5 5 5 5 5 5 5 5 5 5 5 5 5 5 5 5 5 5 5 5 5 5 5 5 5 5 5 5 5 5 5 5 5 5 5 5 5 5 5 5 5 5 5 5 5 5 5 5 5 5 5 5 5 5 5 5 5 5 5 5 5 5 
14.57
31.20

1 1 1 1 1 0 1 0 1 1 1 1 0 0 1 0 0 1 0 0 1 1 0 1 0 1 1 1 0 0 1 0 1 1 0 0 1 1 1 1 1 1 0 1 1 1 0 0 0 0 0 1 0 0 3 2 1 0 3 2 1 1 1 0 0 1 1 0 1 0 0 1 0 1 1 0 1 1 1 1 1 0 0 1 1 0 1 0 1 0 0 1 0 0 3 2 1 0 1 1 1 0 0 1 0 1 1 0 0 1 1 1 3 2 0 1 0 1 0 1 0 1 3 2 3 3 2 2 0 1 3 2 0 0 1 0 1 1 1 0 1 0 3 2 1 1 3 2 1 0 0 0 3 3 0 0 1 0 3 3 3 2 3 3 3 3 4 5 5 5 5 5 5 5 5 5 5 5 5 5 5 5 5 5 5 5 5 5 5 5 5 5 5 5 5 5 5 5 5 5 5 5 5 5 5 5 5 5 5 5 5 5 5 5 5 5 5 5 5 5 5 5 5 5 5 5 5 5 5 5 5 5 5 5 5 5 5 5 5 5 5 5 5 5 5 5 5 5 5 5 5 5 5 5 5 5 5 5 5 5 5 5 5 5 5 5 5 5 5 5 5 5 5 5 5 5 5 5 5 5 5 5 5 5 5 5 5 5 5 5 5 5 5 5 5 5 5 5 5 5 
14.62
30.80

1 1 1 1 1 0 1 0 1 1 1 1 0 0 1 0 0 1 0 0 1 1 0 1 0 1 1 1 0 0 1 0 1 1 0 0 1 1 1 1 1 1 0 1 1 1 1 1 1 1 3 2 1 0 3 3 3 3 3 3 1 1 0 1 3 2 0 1 3 3 3 2 3 2 2 3 2 2 0 1 3 3 2 3 2 3 3 3 1 0 1 0 1 0 1 1 3 2 3 2 0 0 2 2 3 2 3 3 2 3 1 0 2 3 2 3 1 0 1 0 2 2 2 2 0 0 1 1 3 2 0 1 3 2 0 1 0 0 1 1 0 1 0 1 3 3 2 3 2 3 3 2 3 3 1 1 3 3 3 3 3 3 1 0 2 4 5 5 5 5 5 5 5 5 5 5 5 5 5 5 5 5 5 5 5 5 5 5 5 5 5 5 5 5 5 5 5 5 5 5 5 5 5 5 5 5 5 5 5 5 5 5 5 5 5 5 5 5 5 5 5 5 5 5 5 5 5 5 5 5 5 5 5 5 5 5 5 5 5 5 5 5 5 5 5 5 5 5 5 5 5 5 5 5 5 5 5 5 5 5 5 5 5 5 5 5 5 5 5 5 5 5 5 5 5 5 5 5 5 5 5 5 5 5 5 5 5 5 5 5 5 5 5 5 5 5 5 5 5 5 
14.63
31.90

1 1 1 1 1 0 1 0 1 1 1 1 0 0 1 0 0 1 0 0 1 1 0 1 0 1 1 1 0 0 1 0 1 1 0 0 1 1 1 1 1 1 0 1 1 1 1 1 1 1 3 2 1 0 3 3 3 3 3 3 1 1 0 1 3 2 0 1 3 3 3 2 3 2 2 3 2 2 0 1 3 3 2 3 2 3 3 3 1 0 1 0 1 0 1 1 3 2 3 2 0 0 2 2 3 2 3 3 2 3 1 0 2 3 2 3 1 0 1 0 2 2 2 2 0 0 1 1 3 2 0 1 3 2 0 1 0 0 1 1 0 1 0 1 3 3 2 3 2 3 3 2 3 3 1 1 3 3 3 3 3 3 1 0 2 2 3 4 5 5 5 5 5 5 5 5 5 5 5 5 5 5 5 5 5 5 5 5 5 5 5 5 5 5 5 5 5 5 5 5 5 5 5 5 5 5 5 5 5 5 5 5 5 5 5 5 5 5 5 5 5 5 5 5 5 5 5 5 5 5 5 5 5 5 5 5 5 5 5 5 5 5 5 5 5 5 5 5 5 5 5 5 5 5 5 5 5 5 5 5 5 5 5 5 5 5 5 5 5 5 5 5 5 5 5 5 5 5 5 5 5 5 5 5 5 5 5 5 5 5 5 5 5 5 5 5 5 5 5 5 
14.72
32.15

1 1 1 1 1 0 1 0 1 1 1 1 0 0 1 0 0 1 0 0 1 1 0 1 0 1 1 1 0 0 1 0 1 1 0 0 1 1 1 1 1 1 0 1 1 1 1 1 1 1 3 2 1 0 3 3 3 3 3 3 1 1 0 1 3 2 0 1 3 3 3 2 3 2 2 3 2 2 0 1 3 3 2 3 2 3 3 3 1 0 1 0 1 0 1 1 3 2 3 2 0 0 2 2 3 2 3 3 2 3 1 0 2 3 2 3 1 0 1 0 2 2 2 2 0 0 1 1 3 2 0 1 3 2 0 1 0 0 1 1 0 1 0 1 3 3 2 3 2 3 3 2 3 3 1 1 3 3 3 3 3 3 1 0 2 2 3 4 5 5 5 5 5 5 5 5 5 5 5 5 5 5 5 5 5 5 5 5 5 5 5 5 5 5 5 5 5 5 5 5 5 5 5 5 5 5 5 5 5 5 5 5 5 5 5 5 5 5 5 5 5 5 5 5 5 5 5 5 5 5 5 5 5 5 5 5 5 5 5 5 5 5 5 5 5 5 5 5 5 5 5 5 5 5 5 5 5 5 5 5 5 5 5 5 5 5 5 5 5 5 5 5 5 5 5 5 5 5 5 5 5 5 5 5 5 5 5 5 5 5 5 5 5 5 5 5 5 5 5 5 
14.74
32.15

1 1 1 1 1 0 1 0 1 1 1 1 0 0 1 0 0 1 0 0 1 1 0 1 0 1 1 1 0 0 1 0 1 1 0 0 1 1 1 1 1 1 0 1 1 1 1 1 1 1 3 2 1 0 3 3 3 3 3 3 1 1 0 1 3 2 0 1 3 3 3 2 3 2 2 3 2 2 0 1 3 3 2 3 2 3 3 3 1 0 1 0 1 0 1 1 3 2 3 2 0 0 2 2 3 2 3 3 2 3 1 0 2 3 2 3 1 0 1 0 2 2 2 2 0 0 1 1 3 2 0 1 3 2 0 1 0 0 1 1 0 1 0 1 3 3 2 3 2 3 3 2 3 3 1 1 3 3 3 3 3 3 1 0 2 2 3 2 3 2 3 4 5 5 5 5 5 5 5 5 5 5 5 5 5 5 5 5 5 5 5 5 5 5 5 5 5 5 5 5 5 5 5 5 5 5 5 5 5 5 5 5 5 5 5 5 5 5 5 5 5 5 5 5 5 5 5 5 5 5 5 5 5 5 5 5 5 5 5 5 5 5 5 5 5 5 5 5 5 5 5 5 5 5 5 5 5 5 5 5 5 5 5 5 5 5 5 5 5 5 5 5 5 5 5 5 5 5 5 5 5 5 5 5 5 5 5 5 5 5 5 5 5 5 5 5 5 5 5 5 
14.82
32.55

1 1 1 1 1 1 1 0 1 1 1 1 0 0 1 0 0 1 0 0 1 1 0 1 0 1 1 1 0 0 1 0 1 1 0 0 1 1 1 1 1 1 0 1 1 1 0 0 0 0 0 1 3 2 3 2 1 1 0 1 0 0 1 0 1 1 0 0 1 1 0 0 1 1 0 0 0 0 0 0 1 1 0 0 0 1 0 1 0 0 1 0 1 0 0 0 0 0 0 0 1 0 1 1 1 1 1 0 1 0 0 1 1 0 0 1 1 0 0 0 1 0 1 1 1 1 0 1 1 0 0 0 1 1 3 2 3 3 0 1 0 1 0 0 1 1 0 0 1 1 2 2 0 1 3 3 2 3 0 1 0 0 1 1 2 2 0 0 0 0 3 3 0 1 0 1 1 1 1 0 1 0 1 1 0 1 2 3 2 2 1 0 3 3 2 2 0 0 0 0 3 2 1 1 1 0 0 0 0 1 1 0 1 0 1 1 1 0 1 0 1 0 0 0 3 3 1 1 1 0 1 0 1 4 5 5 5 5 5 5 5 5 5 5 5 5 5 5 5 5 5 5 5 5 5 5 5 5 5 5 5 5 5 5 5 5 5 5 5 5 5 5 5 5 5 5 5 5 5 5 5 5 5 5 5 5 5 5 5 5 5 5 5 5 5 5 5 5 5 5 
14.95
32.60

1 1 1 1 1 0 1 0 1 1 1 1 1 0 1 0 0 1 0 0 1 1 0 1 0 1 1 1 0 0 1 0 1 1 0 0 1 1 1 1 1 1 0 1 1 1 0 0 0 0 0 1 3 2 3 2 1 1 1 1 0 0 0 1 0 0 1 1 1 1 1 1 0 0 3 2 3 3 2 3 0 0 3 3 2 2 3 2 3 2 1 0 3 2 3 2 1 1 2 2 1 0 0 0 1 1 1 1 3 2 0 1 1 1 0 1 0 1 0 1 1 1 3 3 2 3 2 2 0 0 0 0 1 1 0 1 1 1 3 3 3 3 3 2 2 3 3 3 2 3 1 0 3 3 1 1 3 3 3 2 1 0 3 3 3 3 2 3 2 3 3 3 2 2 3 3 0 0 2 4 5 5 5 5 5 5 5 5 5 5 5 5 5 5 5 5 5 5 5 5 5 5 5 5 5 5 5 5 5 5 5 5 5 5 5 5 5 5 5 5 5 5 5 5 5 5 5 5 5 5 5 5 5 5 5 5 5 5 5 5 5 5 5 5 5 5 5 5 5 5 5 5 5 5 5 5 5 5 5 5 5 5 5 5 5 5 5 5 5 5 5 5 5 5 5 5 5 5 5 5 5 5 5 5 5 5 5 5 5 5 5 5 5 5 5 5 5 5 5 5 
14.98
34.15

1 1 1 1 1 0 1 0 1 1 1 1 1 0 1 0 0 1 0 0 1 1 0 1 0 1 1 1 0 0 1 0 1 1 0 0 1 1 1 1 1 1 0 1 1 1 0 0 0 0 0 1 3 2 3 2 1 1 1 1 0 0 0 1 0 0 1 1 1 1 1 1 0 0 3 2 3 3 2 3 0 0 3 3 2 2 3 2 3 2 1 0 3 2 3 2 1 1 2 2 1 0 0 0 1 1 1 1 3 2 0 1 1 1 0 1 0 1 0 1 1 1 3 3 2 3 2 2 0 0 0 0 1 1 0 1 1 1 3 3 3 3 3 2 2 3 3 3 2 3 1 0 3 3 1 1 3 3 3 2 1 0 3 3 3 3 2 3 2 3 3 3 2 2 3 3 0 0 2 3 4 5 5 5 5 5 5 5 5 5 5 5 5 5 5 5 5 5 5 5 5 5 5 5 5 5 5 5 5 5 5 5 5 5 5 5 5 5 5 5 5 5 5 5 5 5 5 5 5 5 5 5 5 5 5 5 5 5 5 5 5 5 5 5 5 5 5 5 5 5 5 5 5 5 5 5 5 5 5 5 5 5 5 5 5 5 5 5 5 5 5 5 5 5 5 5 5 5 5 5 5 5 5 5 5 5 5 5 5 5 5 5 5 5 5 5 5 5 5 5 
15.08
33.25

1 1 1 1 1 0 1 0 1 1 1 1 1 0 1 0 0 1 0 0 1 1 0 1 0 1 1 1 0 0 1 0 1 1 0 0 1 1 1 1 1 1 0 1 1 1 0 0 0 0 0 1 3 2 3 2 1 1 1 1 0 0 0 1 0 0 1 1 1 1 1 1 0 0 3 2 3 3 2 3 0 0 3 3 2 2 3 2 3 2 1 0 3 2 3 2 1 1 2 2 1 0 0 0 1 1 1 1 3 2 0 1 1 1 0 1 0 1 0 1 1 1 3 3 2 3 2 2 0 0 0 0 1 1 0 1 1 1 3 3 3 3 3 2 2 3 3 3 2 3 1 0 3 3 1 1 3 3 3 2 1 0 3 3 3 3 2 3 2 3 3 3 2 2 3 3 0 0 2 3 4 5 5 5 5 5 5 5 5 5 5 5 5 5 5 5 5 5 5 5 5 5 5 5 5 5 5 5 5 5 5 5 5 5 5 5 5 5 5 5 5 5 5 5 5 5 5 5 5 5 5 5 5 5 5 5 5 5 5 5 5 5 5 5 5 5 5 5 5 5 5 5 5 5 5 5 5 5 5 5 5 5 5 5 5 5 5 5 5 5 5 5 5 5 5 5 5 5 5 5 5 5 5 5 5 5 5 5 5 5 5 5 5 5 5 5 5 5 5 5 
15.13
33.25

1 1 1 1 1 1 1 0 1 1 1 1 0 0 1 0 0 1 0 0 1 1 0 1 0 1 1 1 0 0 1 0 1 1 0 0 1 1 1 1 1 1 0 1 1 1 0 0 0 0 0 1 3 2 3 2 1 1 0 1 0 0 1 0 1 1 0 0 1 1 0 0 1 1 0 0 0 0 0 0 1 1 0 0 0 1 0 1 0 0 1 0 1 0 0 0 0 0 0 0 1 0 1 1 1 1 1 0 1 0 0 1 1 0 0 1 1 0 0 0 1 0 1 1 1 1 0 1 1 0 0 0 1 1 3 2 3 3 0 1 0 1 0 0 1 1 0 0 1 1 2 2 0 1 3 3 2 3 0 1 0 0 1 1 2 2 0 0 0 0 3 3 0 1 0 1 1 1 1 0 1 0 1 1 0 1 2 3 2 2 1 0 3 3 2 2 0 0 0 0 3 2 1 1 1 0 0 0 0 1 1 0 1 0 1 1 1 0 1 0 1 0 0 0 3 3 1 1 1 0 1 0 1 1 0 1 4 5 5 5 5 5 5 5 5 5 5 5 5 5 5 5 5 5 5 5 5 5 5 5 5 5 5 5 5 5 5 5 5 5 5 5 5 5 5 5 5 5 5 5 5 5 5 5 5 5 5 5 5 5 5 5 5 5 5 5 5 5 5 5 
15.18
32.95

1 1 1 1 1 1 1 0 1 1 1 1 0 0 1 0 0 1 0 0 1 1 0 1 0 1 1 1 0 0 1 0 1 1 0 0 1 1 1 1 1 1 0 1 1 1 0 0 0 0 0 1 3 2 3 2 1 1 0 1 0 0 1 0 1 1 0 0 1 1 0 0 1 1 0 0 0 0 0 0 1 1 0 0 0 1 0 1 0 0 1 0 1 0 0 0 0 0 0 0 1 0 1 1 1 1 1 0 1 0 0 1 1 0 0 1 1 0 0 0 1 0 1 1 1 1 0 1 1 0 0 0 1 1 3 2 3 3 0 1 0 1 0 0 1 1 0 0 1 1 2 2 0 1 3 3 2 3 0 1 0 0 1 1 2 2 0 0 0 0 3 3 0 1 0 1 1 1 1 0 1 0 1 1 0 1 2 3 2 2 1 0 3 3 2 2 0 0 0 0 3 2 1 1 1 0 0 0 0 1 1 0 1 0 1 1 1 0 1 0 1 0 0 0 3 3 1 1 1 0 1 0 1 1 0 1 4 5 5 5 5 5 5 5 5 5 5 5 5 5 5 5 5 5 5 5 5 5 5 5 5 5 5 5 5 5 5 5 5 5 5 5 5 5 5 5 5 5 5 5 5 5 5 5 5 5 5 5 5 5 5 5 5 5 5 5 5 5 5 5 
15.25
32.95

1 1 1 1 1 0 1 0 1 1 1 1 0 0 1 0 0 1 0 0 1 1 0 1 0 1 1 1 0 0 1 0 1 1 0 0 1 1 1 1 1 1 0 1 1 1 1 1 1 1 3 2 1 0 3 3 3 3 3 3 1 1 0 1 3 2 0 1 3 3 3 2 3 2 2 3 2 2 0 1 3 3 2 3 2 3 3 3 1 0 1 0 1 0 1 1 3 2 3 2 0 0 2 2 3 2 3 3 2 3 1 0 2 3 2 3 1 0 1 0 2 2 2 2 0 0 1 1 3 2 0 1 3 2 0 1 0 0 1 1 0 1 0 1 3 3 2 3 2 3 3 2 3 3 1 1 3 3 3 3 3 3 1 0 2 2 3 2 3 2 3 2 2 3 3 4 5 5 5 5 5 5 5 5 5 5 5 5 5 5 5 5 5 5 5 5 5 5 5 5 5 5 5 5 5 5 5 5 5 5 5 5 5 5 5 5 5 5 5 5 5 5 5 5 5 5 5 5 5 5 5 5 5 5 5 5 5 5 5 5 5 5 5 5 5 5 5 5 5 5 5 5 5 5 5 5 5 5 5 5 5 5 5 5 5 5 5 5 5 5 5 5 5 5 5 5 5 5 5 5 5 5 5 5 5 5 5 5 5 5 5 5 5 5 5 5 5 5 5 5 
15.49
33.05

1 1 1 1 1 1 1 0 1 1 1 1 0 0 1 0 0 1 0 0 1 1 0 1 0 1 1 1 0 0 1 0 1 1 0 0 1 1 1 1 1 1 0 1 1 1 0 0 0 0 0 1 3 2 1 0 0 1 3 2 3 2 3 3 2 2 1 0 1 0 3 3 2 3 3 3 2 2 2 3 2 2 0 1 0 0 0 0 3 2 1 1 1 0 1 1 0 1 3 3 2 2 0 1 3 3 3 2 2 2 3 3 3 2 3 2 2 2 0 0 1 1 0 0 0 1 0 1 1 0 0 1 0 0 1 1 0 1 1 0 1 1 0 0 1 0 0 1 0 0 0 1 0 1 3 2 1 1 1 1 3 2 1 0 1 0 1 1 1 1 1 0 3 3 0 1 0 0 3 3 2 3 3 2 2 2 1 0 3 2 3 2 3 3 3 3 3 3 4 5 5 5 5 5 5 5 5 5 5 5 5 5 5 5 5 5 5 5 5 5 5 5 5 5 5 5 5 5 5 5 5 5 5 5 5 5 5 5 5 5 5 5 5 5 5 5 5 5 5 5 5 5 5 5 5 5 5 5 5 5 5 5 5 5 5 5 5 5 5 5 5 5 5 5 5 5 5 5 5 5 5 5 5 5 5 5 5 5 5 5 5 5 5 5 5 5 5 5 5 5 
15.51
35.20

1 1 1 1 1 1 1 0 1 1 1 1 0 0 1 0 0 1 0 0 1 1 0 1 0 1 1 1 0 0 1 0 1 1 0 0 1 1 1 1 1 1 0 1 1 1 0 0 0 0 0 1 3 2 1 0 0 1 3 2 3 2 3 3 2 2 1 0 1 0 3 3 2 3 3 3 2 2 2 3 2 2 0 1 0 0 0 0 3 2 1 1 1 0 1 1 0 1 3 3 2 2 0 1 3 3 3 2 2 2 3 3 3 2 3 2 2 2 0 0 1 1 0 0 0 1 0 1 1 0 0 1 0 0 1 1 0 1 1 0 1 1 0 0 1 0 0 1 0 0 0 1 0 1 3 2 1 1 1 1 3 2 1 0 1 0 1 1 1 1 1 0 3 3 0 1 0 0 3 3 2 3 3 2 2 2 1 0 3 2 3 2 3 3 3 3 3 3 4 5 5 5 5 5 5 5 5 5 5 5 5 5 5 5 5 5 5 5 5 5 5 5 5 5 5 5 5 5 5 5 5 5 5 5 5 5 5 5 5 5 5 5 5 5 5 5 5 5 5 5 5 5 5 5 5 5 5 5 5 5 5 5 5 5 5 5 5 5 5 5 5 5 5 5 5 5 5 5 5 5 5 5 5 5 5 5 5 5 5 5 5 5 5 5 5 5 5 5 5 5 
15.53
35.20

1 1 1 1 1 1 1 0 1 1 1 1 0 0 1 0 0 1 0 0 1 1 0 1 0 1 1 1 0 0 1 0 1 1 0 0 1 1 1 1 1 1 0 1 1 1 0 0 0 0 0 1 3 2 1 0 0 1 3 2 3 2 3 3 2 2 1 0 1 0 3 3 2 3 3 3 2 2 2 3 2 2 0 1 0 0 0 0 3 2 1 1 1 0 1 1 0 1 3 3 2 2 0 1 3 3 3 2 2 2 3 3 3 2 3 2 2 2 0 0 1 1 0 0 0 1 0 1 1 0 0 1 0 0 1 1 0 1 1 0 1 1 0 0 1 0 0 1 0 0 0 1 0 1 3 2 1 1 1 1 3 2 1 0 1 0 1 1 1 1 1 0 3 3 0 1 0 0 3 3 2 3 3 2 2 2 1 0 3 2 3 2 3 3 3 3 3 3 4 5 5 5 5 5 5 5 5 5 5 5 5 5 5 5 5 5 5 5 5 5 5 5 5 5 5 5 5 5 5 5 5 5 5 5 5 5 5 5 5 5 5 5 5 5 5 5 5 5 5 5 5 5 5 5 5 5 5 5 5 5 5 5 5 5 5 5 5 5 5 5 5 5 5 5 5 5 5 5 5 5 5 5 5 5 5 5 5 5 5 5 5 5 5 5 5 5 5 5 5 5 
15.57
35.20

1 1 1 1 1 1 1 0 1 1 1 1 0 0 1 0 0 1 0 0 1 1 0 1 0 1 1 1 0 0 1 0 1 1 0 0 1 1 1 1 1 1 0 1 1 1 0 0 0 0 0 1 3 2 1 0 0 1 3 2 3 2 3 3 2 2 1 0 1 0 3 3 2 3 3 3 2 2 2 3 2 2 0 1 0 0 0 0 3 2 1 1 1 0 1 1 0 1 3 3 2 2 0 1 3 3 3 2 2 2 3 3 3 2 3 2 2 2 0 0 1 1 0 0 0 1 0 1 1 0 0 1 0 0 1 1 0 1 1 0 1 1 0 0 1 0 0 1 0 0 0 1 0 1 3 2 1 1 1 1 3 2 1 0 1 0 1 1 1 1 1 0 3 3 0 1 0 0 3 3 2 3 3 2 2 2 1 0 3 2 3 2 3 3 3 3 3 3 4 5 5 5 5 5 5 5 5 5 5 5 5 5 5 5 5 5 5 5 5 5 5 5 5 5 5 5 5 5 5 5 5 5 5 5 5 5 5 5 5 5 5 5 5 5 5 5 5 5 5 5 5 5 5 5 5 5 5 5 5 5 5 5 5 5 5 5 5 5 5 5 5 5 5 5 5 5 5 5 5 5 5 5 5 5 5 5 5 5 5 5 5 5 5 5 5 5 5 5 5 5 
15.69
35.20

1 1 1 1 1 1 1 0 1 1 1 1 0 0 1 0 0 1 0 0 1 1 0 1 0 1 1 1 0 0 1 0 1 1 0 0 1 1 1 1 1 1 0 1 1 1 0 0 0 0 0 1 3 2 1 0 0 1 3 2 3 2 3 3 2 2 1 0 1 0 3 3 2 3 3 3 2 2 2 3 2 2 0 1 0 0 0 0 3 2 1 1 1 0 1 1 0 1 3 3 2 2 0 1 3 3 3 2 2 2 3 3 3 2 3 2 2 2 0 0 1 1 0 0 0 1 0 1 1 0 0 1 0 0 1 1 0 1 1 0 1 1 0 0 1 0 0 1 0 0 0 1 0 1 3 2 1 1 1 1 3 2 1 0 1 0 1 1 1 1 1 0 3 3 0 1 0 0 3 3 2 3 3 2 2 2 1 0 3 2 3 2 3 3 3 3 3 3 4 5 5 5 5 5 5 5 5 5 5 5 5 5 5 5 5 5 5 5 5 5 5 5 5 5 5 5 5 5 5 5 5 5 5 5 5 5 5 5 5 5 5 5 5 5 5 5 5 5 5 5 5 5 5 5 5 5 5 5 5 5 5 5 5 5 5 5 5 5 5 5 5 5 5 5 5 5 5 5 5 5 5 5 5 5 5 5 5 5 5 5 5 5 5 5 5 5 5 5 5 5 
15.68
35.20

1 1 1 1 1 1 1 0 1 1 1 1 0 0 1 0 0 1 0 0 1 1 0 1 0 1 1 1 0 0 1 0 1 1 0 0 1 1 1 1 1 1 0 1 1 1 0 0 0 0 0 1 3 2 1 0 0 1 3 2 3 2 3 3 2 2 1 0 1 0 3 3 2 3 3 3 2 2 2 3 2 2 0 1 0 0 0 0 3 2 1 1 1 0 1 1 0 1 3 3 2 2 0 1 3 3 3 2 2 2 3 3 3 2 3 2 2 2 0 0 1 1 0 0 0 1 0 1 1 0 0 1 0 0 1 1 0 1 1 0 1 1 0 0 1 0 0 1 0 0 0 1 0 1 3 2 1 1 1 1 3 2 1 0 1 0 1 1 1 1 1 0 3 3 0 1 0 0 3 3 2 3 3 2 2 2 1 0 3 2 3 2 3 3 3 3 3 3 4 5 5 5 5 5 5 5 5 5 5 5 5 5 5 5 5 5 5 5 5 5 5 5 5 5 5 5 5 5 5 5 5 5 5 5 5 5 5 5 5 5 5 5 5 5 5 5 5 5 5 5 5 5 5 5 5 5 5 5 5 5 5 5 5 5 5 5 5 5 5 5 5 5 5 5 5 5 5 5 5 5 5 5 5 5 5 5 5 5 5 5 5 5 5 5 5 5 5 5 5 5 
15.85
35.20

1 1 1 1 1 1 1 0 1 1 1 1 0 0 1 0 0 1 0 0 1 1 0 1 0 1 1 1 0 0 1 0 1 1 0 0 1 1 1 1 1 1 0 1 1 1 0 0 0 0 0 1 3 2 1 0 0 1 3 2 3 2 3 3 2 2 1 0 1 0 3 3 2 3 3 3 2 2 2 3 2 2 0 1 0 0 0 0 3 2 1 1 1 0 1 1 0 1 3 3 2 2 0 1 3 3 3 2 2 2 3 3 3 2 3 2 2 2 0 0 1 1 0 0 0 1 0 1 1 0 0 1 0 0 1 1 0 1 1 0 1 1 0 0 1 0 0 1 0 0 0 1 0 1 3 2 1 1 1 1 3 2 1 0 1 0 1 1 1 1 1 0 3 3 0 1 0 0 3 3 2 3 3 2 2 2 1 0 3 2 3 2 3 3 3 3 3 3 4 5 5 5 5 5 5 5 5 5 5 5 5 5 5 5 5 5 5 5 5 5 5 5 5 5 5 5 5 5 5 5 5 5 5 5 5 5 5 5 5 5 5 5 5 5 5 5 5 5 5 5 5 5 5 5 5 5 5 5 5 5 5 5 5 5 5 5 5 5 5 5 5 5 5 5 5 5 5 5 5 5 5 5 5 5 5 5 5 5 5 5 5 5 5 5 5 5 5 5 5 5 
15.93
35.20

1 1 1 1 1 1 1 0 1 1 1 1 0 0 1 0 0 1 0 0 1 1 0 1 0 1 1 1 0 0 1 0 1 1 0 0 1 1 1 1 1 1 0 1 1 1 0 0 0 0 0 1 3 2 1 0 0 1 3 2 3 2 3 3 2 2 1 0 1 0 3 3 2 3 3 3 2 2 2 3 2 2 0 1 0 0 0 0 3 2 1 1 1 0 1 1 0 1 3 3 2 2 0 1 3 3 3 2 2 2 3 3 3 2 3 2 2 2 0 0 1 1 0 0 0 1 0 1 1 0 0 1 0 0 1 1 0 1 1 0 1 1 0 0 1 0 0 1 0 0 0 1 0 1 3 2 1 1 1 1 3 2 1 0 1 0 1 1 1 1 1 0 3 3 0 1 0 0 3 3 2 3 3 2 2 2 1 0 3 2 3 2 3 3 3 3 3 3 4 5 5 5 5 5 5 5 5 5 5 5 5 5 5 5 5 5 5 5 5 5 5 5 5 5 5 5 5 5 5 5 5 5 5 5 5 5 5 5 5 5 5 5 5 5 5 5 5 5 5 5 5 5 5 5 5 5 5 5 5 5 5 5 5 5 5 5 5 5 5 5 5 5 5 5 5 5 5 5 5 5 5 5 5 5 5 5 5 5 5 5 5 5 5 5 5 5 5 5 5 5 
15.94
35.20

1 1 1 1 1 1 1 0 1 1 1 1 0 0 1 0 0 1 0 0 1 1 0 1 0 1 1 1 0 0 1 0 1 1 0 0 1 1 1 1 1 1 0 1 1 1 0 0 0 0 0 1 3 2 1 0 0 1 3 2 3 2 3 3 2 2 1 0 1 0 3 3 2 3 3 3 2 2 2 3 2 2 0 1 0 0 0 0 3 2 1 1 1 0 1 1 0 1 3 3 2 2 0 1 3 3 3 2 2 2 3 3 3 2 3 2 2 2 0 0 1 1 0 0 0 1 0 1 1 0 0 1 0 0 1 1 0 1 1 0 1 1 0 0 1 0 0 1 0 0 0 1 0 1 3 2 1 1 1 1 3 2 1 0 1 0 1 1 1 1 1 0 3 3 0 1 0 0 3 3 2 3 3 2 2 2 1 0 3 2 3 2 3 3 3 3 3 3 0 1 4 5 5 5 5 5 5 5 5 5 5 5 5 5 5 5 5 5 5 5 5 5 5 5 5 5 5 5 5 5 5 5 5 5 5 5 5 5 5 5 5 5 5 5 5 5 5 5 5 5 5 5 5 5 5 5 5 5 5 5 5 5 5 5 5 5 5 5 5 5 5 5 5 5 5 5 5 5 5 5 5 5 5 5 5 5 5 5 5 5 5 5 5 5 5 5 5 5 5 5 
16.09
35.45

1 1 1 1 1 0 1 0 1 1 1 1 0 0 1 1 0 1 0 0 1 1 0 1 0 1 1 1 0 0 1 0 1 1 0 0 1 1 1 1 1 1 0 1 1 1 0 0 0 0 0 1 3 2 3 2 1 0 0 0 1 0 1 0 0 0 1 1 1 0 1 0 1 1 0 1 1 0 1 1 0 1 1 1 3 2 1 0 1 1 1 0 3 2 1 1 3 2 1 0 1 0 1 0 1 1 0 1 3 2 3 2 3 2 3 2 0 1 1 1 1 0 0 0 0 1 0 1 3 3 2 2 1 1 0 0 1 0 1 1 1 0 0 1 0 0 0 1 3 2 0 0 3 2 3 3 3 2 3 2 2 2 0 0 0 1 0 1 0 1 3 3 3 2 2 3 3 3 2 3 0 0 1 0 3 3 2 3 3 2 2 3 3 2 3 3 2 3 2 3 2 3 4 5 5 5 5 5 5 5 5 5 5 5 5 5 5 5 5 5 5 5 5 5 5 5 5 5 5 5 5 5 5 5 5 5 5 5 5 5 5 5 5 5 5 5 5 5 5 5 5 5 5 5 5 5 5 5 5 5 5 5 5 5 5 5 5 5 5 5 5 5 5 5 5 5 5 5 5 5 5 5 5 5 5 5 5 5 5 5 5 5 5 5 5 5 5 5 5 5 
16.12
34.95

1 1 1 1 1 1 1 0 1 1 1 1 0 0 1 0 0 1 0 0 1 1 0 1 0 1 1 1 0 0 1 0 1 1 0 0 1 1 1 1 1 1 0 1 1 1 0 0 0 0 0 1 3 2 1 0 0 1 3 2 3 2 3 3 2 2 1 0 1 0 3 3 2 3 3 3 2 2 2 3 2 2 0 1 0 0 0 0 3 2 1 1 1 0 1 1 0 1 3 3 2 2 0 1 3 3 3 2 2 2 3 3 3 2 3 2 2 2 0 0 1 1 0 0 0 1 0 1 1 0 0 1 0 0 1 1 0 1 1 0 1 1 0 0 1 0 0 1 0 0 0 1 0 1 3 2 1 1 1 1 3 2 1 0 1 0 1 1 1 1 1 0 3 3 0 1 0 0 3 3 2 3 3 2 2 2 1 0 3 2 3 2 3 3 3 3 3 3 0 1 0 1 2 3 4 5 5 5 5 5 5 5 5 5 5 5 5 5 5 5 5 5 5 5 5 5 5 5 5 5 5 5 5 5 5 5 5 5 5 5 5 5 5 5 5 5 5 5 5 5 5 5 5 5 5 5 5 5 5 5 5 5 5 5 5 5 5 5 5 5 5 5 5 5 5 5 5 5 5 5 5 5 5 5 5 5 5 5 5 5 5 5 5 5 5 5 5 5 5 5 
16.05
35.90

1 1 1 1 1 1 1 0 1 1 1 1 0 0 1 0 0 1 0 0 1 1 0 1 0 1 1 1 0 0 1 0 1 1 0 0 1 1 1 1 1 1 0 1 1 1 0 0 0 0 0 1 3 2 1 0 0 1 3 2 3 2 3 3 2 2 1 0 1 0 3 3 2 3 3 3 2 2 2 3 2 2 0 1 0 0 0 0 3 2 1 1 1 0 1 1 0 1 3 3 2 2 0 1 3 3 3 2 2 2 3 3 3 2 3 2 2 2 0 0 1 1 0 0 0 1 0 1 1 0 0 1 0 0 1 1 0 1 1 0 1 1 0 0 1 0 0 1 0 0 0 1 0 1 3 2 1 1 1 1 3 2 1 0 1 0 1 1 1 1 1 0 3 3 0 1 0 0 3 3 2 3 3 2 2 2 1 0 3 2 3 2 3 3 3 3 3 3 0 1 0 1 2 3 2 3 2 3 4 5 5 5 5 5 5 5 5 5 5 5 5 5 5 5 5 5 5 5 5 5 5 5 5 5 5 5 5 5 5 5 5 5 5 5 5 5 5 5 5 5 5 5 5 5 5 5 5 5 5 5 5 5 5 5 5 5 5 5 5 5 5 5 5 5 5 5 5 5 5 5 5 5 5 5 5 5 5 5 5 5 5 5 5 5 5 5 5 5 5 5 
16.23
36.30

1 1 1 1 1 0 1 0 0 1 1 1 0 0 1 0 0 1 0 0 1 1 0 1 0 1 1 1 0 0 1 0 1 1 0 0 1 1 1 1 1 1 0 1 1 1 0 0 0 0 0 1 3 2 3 3 1 1 0 1 0 0 1 0 1 1 0 0 1 1 0 0 1 1 0 0 1 1 0 0 2 2 0 1 0 0 0 1 1 0 1 0 0 0 0 0 3 3 1 1 0 1 3 2 3 2 1 1 0 0 1 1 2 2 1 1 3 2 3 3 2 2 1 1 0 1 0 1 0 1 0 0 3 3 1 0 1 1 0 1 3 3 2 2 0 1 0 1 0 1 3 2 3 2 0 1 3 2 0 0 2 3 1 1 3 3 0 0 1 0 3 3 2 3 3 2 2 3 0 1 3 3 2 3 3 3 3 3 0 0 1 1 0 1 0 0 2 3 2 2 3 3 1 1 2 3 2 3 0 1 2 2 3 2 3 2 3 3 2 2 3 3 2 2 3 3 0 1 4 5 5 5 5 5 5 5 5 5 5 5 5 5 5 5 5 5 5 5 5 5 5 5 5 5 5 5 5 5 5 5 5 5 5 5 5 5 5 5 5 5 5 5 5 5 5 5 5 5 5 5 5 5 5 5 5 5 5 5 5 5 5 5 5 5 5 5 5 5 5 5 
16.36
36.80

1 1 1 1 1 0 1 0 0 1 1 1 0 0 1 0 0 1 0 0 1 1 0 1 0 1 1 1 0 0 1 0 1 1 0 0 1 1 1 1 1 1 0 1 1 1 0 0 0 0 0 1 3 2 3 3 1 1 0 1 0 0 1 0 1 1 0 0 1 1 0 0 1 1 0 0 1 1 0 0 2 2 0 1 0 0 0 1 1 0 1 0 0 0 0 0 3 3 1 1 0 1 3 2 3 2 1 1 0 0 1 1 2 2 1 1 3 2 3 3 2 2 1 1 0 1 0 1 0 1 0 0 3 3 1 0 1 1 0 1 3 3 2 2 0 1 0 1 0 1 3 2 3 2 0 1 3 2 0 0 2 3 1 1 3 3 0 0 1 0 3 3 2 3 3 2 2 3 0 1 3 3 2 3 3 3 3 3 0 0 1 1 0 1 0 0 2 3 2 2 3 3 1 1 2 3 2 3 0 1 2 2 3 2 3 2 3 3 2 2 3 3 2 2 3 3 0 1 4 5 5 5 5 5 5 5 5 5 5 5 5 5 5 5 5 5 5 5 5 5 5 5 5 5 5 5 5 5 5 5 5 5 5 5 5 5 5 5 5 5 5 5 5 5 5 5 5 5 5 5 5 5 5 5 5 5 5 5 5 5 5 5 5 5 5 5 5 5 5 5 
16.42
36.80

1 1 1 1 1 0 1 0 0 1 1 1 0 0 1 0 0 1 0 0 1 1 0 1 0 1 1 1 0 0 1 0 1 1 0 0 1 1 1 1 1 1 0 1 1 1 0 0 0 0 0 1 3 2 3 3 1 1 0 1 0 0 1 0 1 1 0 0 1 1 0 0 1 1 0 0 1 1 0 0 2 2 0 1 0 0 0 1 1 0 1 0 0 0 0 0 3 3 1 1 0 1 3 2 3 2 1 1 0 0 1 1 2 2 1 1 3 2 3 3 2 2 1 1 0 1 0 1 0 1 0 0 3 3 1 0 1 1 0 1 3 3 2 2 0 1 0 1 0 1 3 2 3 2 0 1 3 2 0 0 2 3 1 1 3 3 0 0 1 0 3 3 2 3 3 2 2 3 0 1 3 3 2 3 3 3 3 3 0 0 1 1 0 1 0 0 2 3 2 2 3 3 1 1 2 3 2 3 0 1 2 2 3 2 3 2 3 3 2 2 3 3 2 2 3 3 0 1 4 5 5 5 5 5 5 5 5 5 5 5 5 5 5 5 5 5 5 5 5 5 5 5 5 5 5 5 5 5 5 5 5 5 5 5 5 5 5 5 5 5 5 5 5 5 5 5 5 5 5 5 5 5 5 5 5 5 5 5 5 5 5 5 5 5 5 5 5 5 5 5 
16.45
36.80

1 1 1 1 1 0 1 0 0 1 1 1 0 0 1 0 0 1 0 0 1 1 0 1 0 1 1 1 0 0 1 0 1 1 0 0 1 1 1 1 1 1 0 1 1 1 0 0 0 0 0 1 3 2 3 3 1 1 0 1 0 0 1 0 1 1 0 0 1 1 0 0 1 1 0 0 1 1 0 0 2 2 0 1 0 0 0 1 1 0 1 0 0 0 0 0 3 3 1 1 0 1 3 2 3 2 1 1 0 0 1 1 2 2 1 1 3 2 3 3 2 2 1 1 0 1 0 1 0 1 0 0 3 3 1 0 1 1 0 1 3 3 2 2 0 1 0 1 0 1 3 2 3 2 0 1 3 2 0 0 2 3 1 1 3 3 0 0 1 0 3 3 2 3 3 2 2 3 0 1 3 3 2 3 3 3 3 3 0 0 1 1 0 1 0 0 2 3 2 2 3 3 1 1 2 3 2 3 0 1 2 2 3 2 3 2 3 3 2 2 3 3 2 2 3 3 0 1 4 5 5 5 5 5 5 5 5 5 5 5 5 5 5 5 5 5 5 5 5 5 5 5 5 5 5 5 5 5 5 5 5 5 5 5 5 5 5 5 5 5 5 5 5 5 5 5 5 5 5 5 5 5 5 5 5 5 5 5 5 5 5 5 5 5 5 5 5 5 5 5 
16.59
36.80

1 1 1 1 1 0 1 0 0 1 1 1 0 0 1 0 0 1 0 0 1 1 0 1 0 1 1 1 0 0 1 0 1 1 0 0 1 1 1 1 1 1 0 1 1 1 0 0 0 0 0 1 3 2 3 3 1 1 0 1 0 0 1 0 1 1 0 0 1 1 0 0 1 1 0 0 1 1 0 0 2 2 0 1 0 0 0 1 1 0 1 0 0 0 0 0 3 3 1 1 0 1 3 2 3 2 1 1 0 0 1 1 2 2 1 1 3 2 3 3 2 2 1 1 0 1 0 1 0 1 0 0 3 3 1 0 1 1 0 1 3 3 2 2 0 1 0 1 0 1 3 2 3 2 0 1 3 2 0 0 2 3 1 1 3 3 0 0 1 0 3 3 2 3 3 2 2 3 0 1 3 3 2 3 3 3 3 3 0 0 1 1 0 1 0 0 2 3 2 2 3 3 1 1 2 3 2 3 0 1 2 2 3 2 3 2 3 3 2 2 3 3 2 2 3 3 0 1 4 5 5 5 5 5 5 5 5 5 5 5 5 5 5 5 5 5 5 5 5 5 5 5 5 5 5 5 5 5 5 5 5 5 5 5 5 5 5 5 5 5 5 5 5 5 5 5 5 5 5 5 5 5 5 5 5 5 5 5 5 5 5 5 5 5 5 5 5 5 5 5 
16.58
36.80

1 1 1 1 1 0 1 0 0 1 1 1 0 0 1 0 0 1 0 0 1 1 0 1 0 1 1 1 0 0 1 0 1 1 0 0 1 1 1 1 1 1 0 1 1 1 0 0 0 0 0 1 3 2 3 3 1 1 0 1 0 0 1 0 1 1 0 0 1 1 0 0 1 1 0 0 1 1 0 0 2 2 0 1 0 0 0 1 1 0 1 0 0 0 0 0 3 3 1 1 0 1 3 2 3 2 1 1 0 0 1 1 2 2 1 1 3 2 3 3 2 2 1 1 0 1 0 1 0 1 0 0 3 3 1 0 1 1 0 1 3 3 2 2 0 1 0 1 0 1 3 2 3 2 0 1 3 2 0 0 2 3 1 1 3 3 0 0 1 0 3 3 2 3 3 2 2 3 0 1 3 3 2 3 3 3 3 3 0 0 1 1 0 1 0 0 2 3 2 2 3 3 1 1 2 3 2 3 0 1 2 2 3 2 3 2 3 3 2 2 3 3 2 2 3 3 0 1 0 0 1 0 1 1 4 5 5 5 5 5 5 5 5 5 5 5 5 5 5 5 5 5 5 5 5 5 5 5 5 5 5 5 5 5 5 5 5 5 5 5 5 5 5 5 5 5 5 5 5 5 5 5 5 5 5 5 5 5 5 5 5 5 5 5 5 5 5 5 5 5 
16.67
37.50

1 1 1 1 1 0 1 0 0 1 1 1 0 0 1 0 0 1 0 0 1 1 0 1 0 1 1 1 0 0 1 0 1 1 0 0 1 1 1 1 1 1 0 1 1 1 0 0 0 0 0 1 3 2 3 3 1 1 0 1 0 0 1 0 1 1 0 0 1 1 0 0 1 1 0 0 1 1 0 0 2 2 0 1 0 0 0 1 1 0 1 0 0 0 0 0 3 3 1 1 0 1 3 2 3 2 1 1 0 0 1 1 2 2 1 1 3 2 3 3 2 2 1 1 0 1 0 1 0 1 0 0 3 3 1 0 1 1 0 1 3 3 2 2 0 1 0 1 0 1 3 2 3 2 0 1 3 2 0 0 2 3 1 1 3 3 0 0 1 0 3 3 2 3 3 2 2 3 0 1 3 3 2 3 3 3 3 3 0 0 1 1 0 1 0 0 2 3 2 2 3 3 1 1 2 3 2 3 0 1 2 2 3 2 3 2 3 3 2 2 3 3 2 2 3 3 0 1 0 0 1 0 1 1 4 5 5 5 5 5 5 5 5 5 5 5 5 5 5 5 5 5 5 5 5 5 5 5 5 5 5 5 5 5 5 5 5 5 5 5 5 5 5 5 5 5 5 5 5 5 5 5 5 5 5 5 5 5 5 5 5 5 5 5 5 5 5 5 5 5 
16.72
37.50

1 1 1 1 1 0 1 0 0 1 1 1 0 0 1 0 0 1 0 0 1 1 0 1 0 1 1 1 0 0 1 0 1 1 0 0 1 1 1 1 1 1 0 1 1 1 0 0 0 0 0 1 3 2 3 3 1 1 0 1 0 0 1 0 1 1 0 0 1 1 0 0 1 1 0 0 1 1 0 0 2 2 0 1 0 0 0 1 1 0 1 0 0 0 0 0 3 3 1 1 0 1 3 2 3 2 1 1 0 0 1 1 2 2 1 1 3 2 3 3 2 2 1 1 0 1 0 1 0 1 0 0 3 3 1 0 1 1 0 1 3 3 2 2 0 1 0 1 0 1 3 2 3 2 0 1 3 2 0 0 2 3 1 1 3 3 0 0 1 0 3 3 2 3 3 2 2 3 0 1 3 3 2 3 3 3 3 3 0 0 1 1 0 1 0 0 2 3 2 2 3 3 1 1 2 3 2 3 0 1 2 2 3 2 3 2 3 3 2 2 3 3 2 2 3 3 0 1 0 0 1 0 1 1 4 5 5 5 5 5 5 5 5 5 5 5 5 5 5 5 5 5 5 5 5 5 5 5 5 5 5 5 5 5 5 5 5 5 5 5 5 5 5 5 5 5 5 5 5 5 5 5 5 5 5 5 5 5 5 5 5 5 5 5 5 5 5 5 5 5 
16.79
37.50

1 1 1 1 1 0 1 0 0 1 1 1 0 0 1 0 0 1 0 0 1 1 0 1 0 1 1 1 0 0 1 0 1 1 0 0 1 1 1 1 1 1 0 1 1 1 0 0 0 0 0 1 3 2 3 3 1 1 0 1 0 0 1 0 1 1 0 0 1 1 0 0 1 1 0 0 1 1 0 0 2 2 0 1 0 0 0 1 1 0 1 0 0 0 0 0 3 3 1 1 0 1 3 2 3 2 1 1 0 0 1 1 2 2 1 1 3 2 3 3 2 2 1 1 0 1 0 1 0 1 0 0 3 3 1 0 1 1 0 1 3 3 2 2 0 1 0 1 0 1 3 2 3 2 0 1 3 2 0 0 2 3 1 1 3 3 0 0 1 0 3 3 2 3 3 2 2 3 0 1 3 3 2 3 3 3 3 3 0 0 1 1 0 1 0 0 2 3 2 2 3 3 1 1 2 3 2 3 0 1 2 2 3 2 3 2 3 3 2 2 3 3 2 2 3 3 0 1 0 0 1 0 1 1 4 5 5 5 5 5 5 5 5 5 5 5 5 5 5 5 5 5 5 5 5 5 5 5 5 5 5 5 5 5 5 5 5 5 5 5 5 5 5 5 5 5 5 5 5 5 5 5 5 5 5 5 5 5 5 5 5 5 5 5 5 5 5 5 5 5 
16.79
37.50

1 1 1 1 1 0 1 0 0 1 1 1 0 0 1 0 0 1 0 0 1 1 0 1 0 1 1 1 0 0 1 0 1 1 0 0 1 1 1 1 1 1 0 1 1 1 0 0 0 0 0 1 3 2 3 3 1 1 0 1 0 0 1 0 1 1 0 0 1 1 0 0 1 1 0 0 1 1 0 0 2 2 0 1 0 0 0 1 1 0 1 0 0 0 0 0 3 3 1 1 0 1 3 2 3 2 1 1 0 0 1 1 2 2 1 1 3 2 3 3 2 2 1 1 0 1 0 1 0 1 0 0 3 3 1 0 1 1 0 1 3 3 2 2 0 1 0 1 0 1 3 2 3 2 0 1 3 2 0 0 2 3 1 1 3 3 0 0 1 0 3 3 2 3 3 2 2 3 0 1 3 3 2 3 3 3 3 3 0 0 1 1 0 1 0 0 2 3 2 2 3 3 1 1 2 3 2 3 0 1 2 2 3 2 3 2 3 3 2 2 3 3 2 2 3 3 0 1 0 0 1 0 1 1 4 5 5 5 5 5 5 5 5 5 5 5 5 5 5 5 5 5 5 5 5 5 5 5 5 5 5 5 5 5 5 5 5 5 5 5 5 5 5 5 5 5 5 5 5 5 5 5 5 5 5 5 5 5 5 5 5 5 5 5 5 5 5 5 5 5 
16.87
37.50

1 1 1 1 1 0 1 0 0 1 1 1 0 0 1 0 0 1 0 0 1 1 0 1 0 1 1 1 0 0 1 0 1 1 0 0 1 1 1 1 1 1 0 1 1 1 0 0 0 0 0 1 3 2 3 3 1 1 0 1 0 0 1 0 1 1 0 0 1 1 0 0 1 1 0 0 1 1 0 0 2 2 0 1 0 0 0 1 1 0 1 0 0 0 0 0 3 3 1 1 0 1 3 2 3 2 1 1 0 0 1 1 2 2 1 1 3 2 3 3 2 2 1 1 0 1 0 1 0 1 0 0 3 3 1 0 1 1 0 1 3 3 2 2 0 1 0 1 0 1 3 2 3 2 0 1 3 2 0 0 2 3 1 1 3 3 0 0 1 0 3 3 2 3 3 2 2 3 0 1 3 3 2 3 3 3 3 3 0 0 1 1 0 1 0 0 2 3 2 2 3 3 1 1 2 3 2 3 0 1 2 2 3 2 3 2 3 3 2 2 3 3 2 2 3 3 0 1 0 0 1 0 1 1 4 5 5 5 5 5 5 5 5 5 5 5 5 5 5 5 5 5 5 5 5 5 5 5 5 5 5 5 5 5 5 5 5 5 5 5 5 5 5 5 5 5 5 5 5 5 5 5 5 5 5 5 5 5 5 5 5 5 5 5 5 5 5 5 5 5 
17.00
37.50

1 1 1 1 1 1 1 0 1 1 1 1 0 0 1 0 0 1 0 0 1 1 0 1 0 1 1 1 0 0 1 0 1 1 0 0 1 1 1 1 1 1 0 1 1 1 0 0 0 0 0 1 3 2 1 0 0 1 3 2 3 2 3 3 2 2 1 0 1 0 3 3 2 3 3 3 2 2 2 3 2 2 0 1 0 0 0 0 3 2 1 1 1 0 1 1 0 1 3 3 2 2 0 1 3 3 3 2 2 2 3 3 3 2 3 2 2 2 0 0 1 1 0 0 0 1 0 1 1 0 0 1 0 0 1 1 0 1 1 0 1 1 0 0 1 0 0 1 0 0 0 1 0 1 3 2 1 1 1 1 3 2 1 0 1 0 1 1 1 1 1 0 3 3 0 1 0 0 3 3 2 3 3 2 2 2 1 0 3 2 3 2 3 3 3 3 3 3 0 1 0 1 2 3 2 3 2 3 2 3 2 2 3 3 2 3 0 0 2 2 3 3 1 0 1 4 5 5 5 5 5 5 5 5 5 5 5 5 5 5 5 5 5 5 5 5 5 5 5 5 5 5 5 5 5 5 5 5 5 5 5 5 5 5 5 5 5 5 5 5 5 5 5 5 5 5 5 5 5 5 5 5 5 5 5 5 5 5 5 5 5 5 5 5 5 5 5 5 5 5 
17.10
37.40

1 1 1 1 1 1 1 0 1 1 1 1 0 0 1 0 0 1 0 0 1 1 0 1 0 1 1 1 0 0 1 0 1 1 0 0 1 1 1 1 1 1 0 1 1 1 0 0 0 0 0 1 3 2 1 0 0 1 3 2 3 2 3 3 2 2 1 0 1 0 3 3 2 3 3 3 2 2 2 3 2 2 0 1 0 0 0 0 3 2 1 1 1 0 1 1 0 1 3 3 2 2 0 1 3 3 3 2 2 2 3 3 3 2 3 2 2 2 0 0 1 1 0 0 0 1 0 1 1 0 0 1 0 0 1 1 0 1 1 0 1 1 0 0 1 0 0 1 0 0 0 1 0 1 3 2 1 1 1 1 3 2 1 0 1 0 1 1 1 1 1 0 3 3 0 1 0 0 3 3 2 3 3 2 2 2 1 0 3 2 3 2 3 3 3 3 3 3 0 1 0 1 2 3 2 3 2 3 2 3 2 2 3 3 2 3 0 0 2 2 3 3 1 0 1 1 4 5 5 5 5 5 5 5 5 5 5 5 5 5 5 5 5 5 5 5 5 5 5 5 5 5 5 5 5 5 5 5 5 5 5 5 5 5 5 5 5 5 5 5 5 5 5 5 5 5 5 5 5 5 5 5 5 5 5 5 5 5 5 5 5 5 5 5 5 5 5 5 5 5 
17.11
38.55

1 1 1 1 1 1 1 0 1 1 1 1 0 0 1 0 0 1 0 0 1 1 0 1 0 1 1 1 0 0 1 0 1 1 0 0 1 1 1 1 1 1 0 1 1 1 0 0 0 0 0 1 3 2 1 0 0 1 3 2 3 2 3 3 2 2 1 0 1 0 3 3 2 3 3 3 2 2 2 3 2 2 0 1 0 0 0 0 3 2 1 1 1 0 1 1 0 1 3 3 2 2 0 1 3 3 3 2 2 2 3 3 3 2 3 2 2 2 0 0 1 1 0 0 0 1 0 1 1 0 0 1 0 0 1 1 0 1 1 0 1 1 0 0 1 0 0 1 0 0 0 1 0 1 3 2 1 1 1 1 3 2 1 0 1 0 1 1 1 1 1 0 3 3 0 1 0 0 3 3 2 3 3 2 2 2 1 0 3 2 3 2 3 3 3 3 3 3 0 1 0 1 2 3 2 3 2 3 2 3 2 2 3 3 2 3 0 0 2 2 3 3 1 0 1 1 4 5 5 5 5 5 5 5 5 5 5 5 5 5 5 5 5 5 5 5 5 5 5 5 5 5 5 5 5 5 5 5 5 5 5 5 5 5 5 5 5 5 5 5 5 5 5 5 5 5 5 5 5 5 5 5 5 5 5 5 5 5 5 5 5 5 5 5 5 5 5 5 5 5 
17.27
38.55

1 1 1 1 1 1 1 0 1 1 1 1 0 0 1 0 0 1 0 0 1 1 0 1 0 1 1 1 0 0 1 0 1 1 0 0 1 1 1 1 1 1 0 1 1 1 0 0 0 0 0 1 3 2 1 0 0 1 3 2 3 2 3 3 2 2 1 0 1 0 3 3 2 3 3 3 2 2 2 3 2 2 0 1 0 0 0 0 3 2 1 1 1 0 1 1 0 1 3 3 2 2 0 1 3 3 3 2 2 2 3 3 3 2 3 2 2 2 0 0 1 1 0 0 0 1 0 1 1 0 0 1 0 0 1 1 0 1 1 0 1 1 0 0 1 0 0 1 0 0 0 1 0 1 3 2 1 1 1 1 3 2 1 0 1 0 1 1 1 1 1 0 3 3 0 1 0 0 3 3 2 3 3 2 2 2 1 0 3 2 3 2 3 3 3 3 3 3 0 1 0 1 2 3 2 3 2 3 2 3 2 2 3 3 2 3 0 0 2 2 3 3 1 0 1 1 4 5 5 5 5 5 5 5 5 5 5 5 5 5 5 5 5 5 5 5 5 5 5 5 5 5 5 5 5 5 5 5 5 5 5 5 5 5 5 5 5 5 5 5 5 5 5 5 5 5 5 5 5 5 5 5 5 5 5 5 5 5 5 5 5 5 5 5 5 5 5 5 5 5 
17.30
38.55

1 1 1 1 1 1 1 0 1 1 1 1 0 0 1 0 0 1 0 0 1 1 0 1 0 1 1 1 0 0 1 0 1 1 0 0 1 1 1 1 1 1 0 1 1 1 0 0 0 0 0 1 3 2 1 0 0 1 3 2 3 2 3 3 2 2 1 0 1 0 3 3 2 3 3 3 2 2 2 3 2 2 0 1 0 0 0 0 3 2 1 1 1 0 1 1 0 1 3 3 2 2 0 1 3 3 3 2 2 2 3 3 3 2 3 2 2 2 0 0 1 1 0 0 0 1 0 1 1 0 0 1 0 0 1 1 0 1 1 0 1 1 0 0 1 0 0 1 0 0 0 1 0 1 3 2 1 1 1 1 3 2 1 0 1 0 1 1 1 1 1 0 3 3 0 1 0 0 3 3 2 3 3 2 2 2 1 0 3 2 3 2 3 3 3 3 3 3 0 1 0 1 2 3 2 3 2 3 2 3 2 2 3 3 2 3 0 0 2 2 3 3 1 0 1 1 4 5 5 5 5 5 5 5 5 5 5 5 5 5 5 5 5 5 5 5 5 5 5 5 5 5 5 5 5 5 5 5 5 5 5 5 5 5 5 5 5 5 5 5 5 5 5 5 5 5 5 5 5 5 5 5 5 5 5 5 5 5 5 5 5 5 5 5 5 5 5 5 5 5 
17.38
38.55

1 1 1 1 1 1 1 0 1 1 1 1 0 0 1 0 0 1 0 0 1 1 0 1 0 1 1 1 0 0 1 0 1 1 0 0 1 1 1 1 1 1 0 1 1 1 0 0 0 0 0 1 3 2 1 0 0 1 3 2 3 2 3 3 2 2 1 0 1 0 3 3 2 3 3 3 2 2 2 3 2 2 0 1 0 0 0 0 3 2 1 1 1 0 1 1 0 1 3 3 2 2 0 1 3 3 3 2 2 2 3 3 3 2 3 2 2 2 0 0 1 1 0 0 0 1 0 1 1 0 0 1 0 0 1 1 0 1 1 0 1 1 0 0 1 0 0 1 0 0 0 1 0 1 3 2 1 1 1 1 3 2 1 0 1 0 1 1 1 1 1 0 3 3 0 1 0 0 3 3 2 3 3 2 2 2 1 0 3 2 3 2 3 3 3 3 3 3 0 1 0 1 2 3 2 3 2 3 2 3 2 2 3 3 2 3 0 0 2 2 3 3 1 0 1 1 4 5 5 5 5 5 5 5 5 5 5 5 5 5 5 5 5 5 5 5 5 5 5 5 5 5 5 5 5 5 5 5 5 5 5 5 5 5 5 5 5 5 5 5 5 5 5 5 5 5 5 5 5 5 5 5 5 5 5 5 5 5 5 5 5 5 5 5 5 5 5 5 5 5 
17.43
38.55

1 1 1 1 1 1 1 0 1 1 1 1 0 0 1 0 0 1 0 0 1 1 0 1 0 1 1 1 0 0 1 0 1 1 0 0 1 0 3 3 2 2 3 2 1 1 0 0 3 3 1 1 3 3 0 1 0 0 1 0 1 1 2 2 3 2 3 2 0 0 1 0 2 3 2 3 2 2 1 1 1 0 1 1 0 0 1 0 0 0 1 0 3 3 2 3 1 1 3 3 0 0 3 2 3 2 3 3 0 0 1 1 0 1 0 0 1 1 0 1 2 3 0 0 1 0 3 3 2 2 2 2 0 1 3 3 2 3 1 1 2 3 3 3 2 2 3 3 2 3 2 3 2 3 3 3 1 0 1 1 0 1 0 0 2 3 2 2 2 3 2 3 2 3 3 2 3 3 3 2 1 1 2 2 2 3 2 2 3 3 3 3 2 3 2 3 0 1 0 1 2 3 0 1 0 0 2 3 1 1 0 0 2 2 3 2 3 3 2 3 3 2 3 2 3 3 0 0 1 0 2 2 3 3 2 3 1 0 3 2 3 3 4 5 5 5 5 5 5 5 5 5 5 5 5 5 5 5 5 5 5 5 5 5 5 5 5 5 5 5 5 5 5 5 5 5 5 5 5 5 5 5 5 5 5 5 5 5 5 5 5 5 5 5 5 5 5 5 5 5 
17.54
38.25

1 1 1 1 1 0 1 0 1 1 1 1 0 0 1 0 0 1 0 0 1 0 0 1 0 1 1 1 0 0 1 0 1 1 0 0 1 1 1 1 1 1 0 1 1 1 0 0 0 0 0 1 3 2 3 3 1 1 0 1 0 0 1 0 1 1 0 0 1 1 0 0 1 1 0 0 2 3 2 2 1 0 3 2 1 1 1 1 1 0 3 2 3 2 0 1 0 0 1 0 1 0 0 1 1 0 0 1 1 1 3 3 2 2 0 0 1 1 0 1 1 1 1 1 3 2 3 3 0 1 2 3 0 0 1 1 2 3 0 0 3 3 3 3 3 3 2 2 3 2 2 3 2 2 2 3 3 3 2 2 3 2 2 2 1 1 0 0 3 3 2 3 3 2 3 2 2 3 2 3 3 2 3 2 3 2 2 2 3 2 3 3 3 3 3 2 3 3 0 0 1 0 1 0 2 2 0 1 3 3 2 2 0 0 1 1 0 1 3 3 2 3 1 1 4 5 5 5 5 5 5 5 5 5 5 5 5 5 5 5 5 5 5 5 5 5 5 5 5 5 5 5 5 5 5 5 5 5 5 5 5 5 5 5 5 5 5 5 5 5 5 5 5 5 5 5 5 5 5 5 5 5 5 5 5 5 5 5 5 5 5 5 5 5 5 5 5 5 5 5 
17.54
38.45

1 1 1 1 1 1 1 0 1 1 1 1 0 0 1 0 0 1 0 0 1 1 0 1 0 1 1 1 0 0 1 0 1 1 0 0 1 1 1 1 1 1 0 1 1 1 0 0 0 0 0 1 3 2 1 0 0 1 3 2 3 2 3 3 2 2 1 0 1 0 3 3 2 3 3 3 2 2 2 3 2 2 0 1 0 0 0 0 3 2 1 1 1 0 1 1 0 1 3 3 2 2 0 1 3 3 3 2 2 2 3 3 3 2 3 2 2 2 0 0 1 1 0 0 0 1 0 1 1 0 0 1 0 0 1 1 0 1 1 0 1 1 0 0 1 0 0 1 0 0 0 1 0 1 3 2 1 1 1 1 3 2 1 0 1 0 1 1 1 1 1 0 3 3 0 1 0 0 3 3 2 3 3 2 2 2 1 0 3 2 3 2 3 3 3 3 3 3 0 1 0 1 2 3 2 3 2 3 2 3 2 2 3 3 2 3 0 0 2 2 3 3 1 0 1 1 0 1 4 5 5 5 5 5 5 5 5 5 5 5 5 5 5 5 5 5 5 5 5 5 5 5 5 5 5 5 5 5 5 5 5 5 5 5 5 5 5 5 5 5 5 5 5 5 5 5 5 5 5 5 5 5 5 5 5 5 5 5 5 5 5 5 5 5 5 5 5 5 5 5 
17.56
38.75

1 1 1 1 1 1 1 0 1 1 1 1 0 0 1 0 0 1 0 0 1 1 0 1 0 1 1 1 0 0 1 0 1 1 0 0 1 1 1 1 1 1 0 1 1 1 0 0 0 0 0 1 3 2 1 0 0 1 3 2 3 2 3 3 2 2 1 0 1 0 3 3 2 3 3 3 2 2 2 3 2 2 0 1 0 0 0 0 3 2 1 1 1 0 1 1 0 1 3 3 2 2 0 1 3 3 3 2 2 2 3 3 3 2 3 2 2 2 0 0 1 1 0 0 0 1 0 1 1 0 0 1 0 0 1 1 0 1 1 0 1 1 0 0 1 0 0 1 0 0 0 1 0 1 3 2 1 1 1 1 3 2 1 0 1 0 1 1 1 1 1 0 3 3 0 1 0 0 3 3 2 3 3 2 2 2 1 0 3 2 3 2 3 3 3 3 3 3 0 1 0 1 2 3 2 3 2 3 2 3 2 2 3 3 2 3 0 0 2 2 3 3 1 0 1 1 0 1 4 5 5 5 5 5 5 5 5 5 5 5 5 5 5 5 5 5 5 5 5 5 5 5 5 5 5 5 5 5 5 5 5 5 5 5 5 5 5 5 5 5 5 5 5 5 5 5 5 5 5 5 5 5 5 5 5 5 5 5 5 5 5 5 5 5 5 5 5 5 5 5 
17.70
38.75

1 1 1 1 1 0 1 0 0 1 1 1 0 0 1 0 0 1 0 0 1 1 0 1 0 1 1 1 0 0 1 0 1 1 0 0 1 1 1 1 1 1 0 1 1 1 0 0 0 0 0 1 3 2 3 3 1 1 0 1 0 0 1 0 1 1 0 0 1 1 0 0 1 1 0 0 1 1 0 0 2 2 0 1 0 0 0 1 1 0 1 0 0 0 0 0 3 3 1 1 0 1 3 2 3 2 1 1 0 0 1 1 2 2 1 1 3 2 3 3 2 2 1 1 0 1 0 1 0 1 0 0 3 3 1 0 1 1 0 1 3 3 2 2 0 1 0 1 0 1 3 2 3 2 0 1 3 2 0 0 2 3 1 1 3 3 0 0 1 0 3 3 2 3 3 2 2 3 0 1 3 3 2 3 3 3 3 3 0 0 1 1 0 1 0 0 2 3 2 2 3 3 1 1 2 3 2 3 0 1 2 2 3 2 3 2 3 3 2 2 3 3 2 2 3 3 0 1 0 0 1 0 1 1 2 3 0 1 0 1 2 2 3 3 0 1 4 5 5 5 5 5 5 5 5 5 5 5 5 5 5 5 5 5 5 5 5 5 5 5 5 5 5 5 5 5 5 5 5 5 5 5 5 5 5 5 5 5 5 5 5 5 5 5 5 5 5 5 5 5 
17.72
39.00

1 1 1 1 1 0 1 0 1 1 1 1 0 0 1 0 0 1 0 0 1 1 0 1 0 1 1 1 0 0 1 0 1 1 0 0 1 1 1 1 1 1 0 1 1 1 0 1 1 1 0 1 1 1 3 3 2 3 3 2 2 2 0 0 3 2 0 0 1 0 1 0 0 1 1 1 1 0 0 1 0 1 3 2 0 0 1 1 0 0 1 0 0 1 0 0 3 3 3 2 3 2 3 3 2 3 2 3 2 3 2 2 2 2 1 1 0 1 1 0 0 0 3 2 1 1 1 0 0 1 1 0 0 0 0 1 1 0 1 1 0 1 0 0 3 3 2 3 2 2 1 1 1 1 1 0 3 2 1 1 0 1 1 0 3 3 2 3 3 3 2 2 2 2 3 3 3 3 2 3 3 2 0 0 3 2 1 0 1 0 1 0 1 0 1 1 3 3 3 3 2 3 2 2 1 1 0 1 0 0 2 2 0 0 3 2 1 0 3 3 2 3 2 2 3 3 3 2 3 2 3 3 2 3 4 5 5 5 5 5 5 5 5 5 5 5 5 5 5 5 5 5 5 5 5 5 5 5 5 5 5 5 5 5 5 5 5 5 5 5 5 5 5 5 5 5 5 5 5 5 5 5 5 5 5 5 5 5 5 5 5 5 5 5 5 5 5 5 5 5 
17.82
39.50

1 1 1 1 1 0 1 0 1 1 1 1 0 0 1 0 0 1 0 0 1 1 0 1 0 1 1 1 0 0 1 0 1 1 0 0 1 1 1 1 1 1 0 1 1 1 0 1 1 1 0 1 1 1 3 3 2 3 3 2 2 2 0 0 3 2 0 0 1 0 1 0 0 1 1 1 1 0 0 1 0 1 3 2 0 0 1 1 0 0 1 0 0 1 0 0 3 3 3 2 3 2 3 3 2 3 2 3 2 3 2 2 2 2 1 1 0 1 1 0 0 0 3 2 1 1 1 0 0 1 1 0 0 0 0 1 1 0 1 1 0 1 0 0 3 3 2 3 2 2 1 1 1 1 1 0 3 2 1 1 0 1 1 0 3 3 2 3 3 3 2 2 2 2 3 3 3 3 2 3 3 2 0 0 3 2 1 0 1 0 1 0 1 0 1 1 3 3 3 3 2 3 2 2 1 1 0 1 0 0 2 2 0 0 3 2 1 0 3 3 2 3 2 2 3 3 3 2 3 2 3 3 2 3 4 5 5 5 5 5 5 5 5 5 5 5 5 5 5 5 5 5 5 5 5 5 5 5 5 5 5 5 5 5 5 5 5 5 5 5 5 5 5 5 5 5 5 5 5 5 5 5 5 5 5 5 5 5 5 5 5 5 5 5 5 5 5 5 5 5 
17.92
39.50

1 1 1 1 1 0 1 0 1 1 1 1 0 0 1 0 0 1 0 0 1 1 0 1 0 1 1 1 0 0 1 0 1 1 0 0 1 1 1 1 1 1 0 1 1 1 0 0 0 0 0 1 0 0 1 0 0 0 0 0 0 1 1 0 0 1 0 1 0 1 0 1 1 1 3 2 0 1 3 2 0 1 3 2 0 1 3 3 0 0 1 0 0 1 0 1 3 3 2 2 1 1 0 0 3 2 3 3 2 3 2 3 2 2 1 0 3 3 1 1 0 0 2 3 2 2 0 1 3 3 1 0 2 3 1 0 1 0 1 0 1 1 3 3 3 2 1 0 1 0 1 1 2 2 3 2 3 3 0 0 2 3 3 2 1 1 2 3 3 3 3 3 3 3 2 2 1 1 0 1 0 0 3 2 2 3 3 3 0 1 0 0 2 3 2 3 1 1 2 2 3 2 1 0 2 3 2 3 3 2 3 3 2 2 2 3 1 1 2 3 0 1 2 2 3 2 2 2 1 1 0 0 3 3 2 3 3 3 0 0 2 2 3 2 3 3 3 2 1 1 4 5 5 5 5 5 5 5 5 5 5 5 5 5 5 5 5 5 5 5 5 5 5 5 5 5 5 5 5 5 5 5 5 5 5 5 5 5 5 5 5 5 5 5 5 5 5 5 5 5 
17.94
39.90

1 1 1 1 1 0 1 0 1 1 1 1 0 0 1 0 0 1 0 0 1 1 0 1 0 1 1 1 0 0 1 0 1 1 0 0 1 1 1 1 1 1 0 1 1 1 0 0 0 0 0 1 0 0 1 0 0 0 0 0 0 1 1 0 0 1 0 1 0 1 0 1 1 1 3 2 0 1 3 2 0 1 3 2 0 1 3 3 0 0 1 0 0 1 0 1 3 3 2 2 1 1 0 0 3 2 3 3 2 3 2 3 2 2 1 0 3 3 1 1 0 0 2 3 2 2 0 1 3 3 1 0 2 3 1 0 1 0 1 0 1 1 3 3 3 2 1 0 1 0 1 1 2 2 3 2 3 3 0 0 2 3 3 2 1 1 2 3 3 3 3 3 3 3 2 2 1 1 0 1 0 0 3 2 2 3 3 3 0 1 0 0 2 3 2 3 1 1 2 2 3 2 1 0 2 3 2 3 3 2 3 3 2 2 2 3 1 1 2 3 0 1 2 2 3 2 2 2 1 1 0 0 3 3 2 3 3 3 0 0 2 2 3 2 3 3 3 2 1 1 4 5 5 5 5 5 5 5 5 5 5 5 5 5 5 5 5 5 5 5 5 5 5 5 5 5 5 5 5 5 5 5 5 5 5 5 5 5 5 5 5 5 5 5 5 5 5 5 5 5 
17.98
39.90

1 1 1 1 1 0 1 0 1 1 1 1 0 0 1 0 1 1 0 0 1 1 0 1 0 1 1 1 0 0 1 0 1 1 0 0 1 1 1 1 1 1 0 1 1 1 0 0 0 0 0 1 3 2 1 0 1 0 3 2 0 1 0 0 0 1 1 1 0 1 3 3 3 2 2 3 2 3 2 2 0 0 1 1 1 0 0 1 3 3 3 2 2 2 1 1 1 0 1 1 1 1 3 2 1 1 0 1 3 2 0 0 1 0 1 0 3 3 2 3 2 2 1 0 0 1 3 3 2 3 2 2 0 1 1 1 0 0 0 0 0 1 0 1 1 1 1 0 0 1 0 1 1 1 3 2 3 3 3 2 3 2 2 3 3 2 3 2 2 2 0 0 3 2 1 0 0 0 1 0 0 0 0 0 0 1 3 2 0 0 0 0 1 1 1 1 3 3 3 3 2 3 2 2 3 2 2 2 3 2 0 1 0 1 1 0 1 1 1 1 1 0 1 0 3 3 0 0 1 0 1 1 0 0 3 3 3 2 3 2 3 3 2 3 3 4 5 5 5 5 5 5 5 5 5 5 5 5 5 5 5 5 5 5 5 5 5 5 5 5 5 5 5 5 5 5 5 5 5 5 5 5 5 5 5 5 5 5 5 5 5 5 5 5 5 5 5 5 5 5 
18.10
40.20

1 1 1 1 1 0 1 0 1 1 1 1 0 0 1 0 1 1 0 0 1 1 0 1 0 1 1 1 0 0 1 0 1 1 0 0 1 1 1 1 1 1 0 1 1 1 0 0 0 0 0 1 3 2 1 0 1 0 3 2 0 1 0 0 0 1 1 1 0 1 3 3 3 2 2 3 2 3 2 2 0 0 1 1 1 0 0 1 3 3 3 2 2 2 1 1 1 0 1 1 1 1 3 2 1 1 0 1 3 2 0 0 1 0 1 0 3 3 2 3 2 2 1 0 0 1 3 3 2 3 2 2 0 1 1 1 0 0 0 0 0 1 0 1 1 1 1 0 0 1 0 1 1 1 3 2 3 3 3 2 3 2 2 3 3 2 3 2 2 2 0 0 3 2 1 0 0 0 1 0 0 0 0 0 0 1 3 2 0 0 0 0 1 1 1 1 3 3 3 3 2 3 2 2 3 2 2 2 3 2 0 1 0 1 1 0 1 1 1 1 1 0 1 0 3 3 0 0 1 0 1 1 0 0 3 3 3 2 3 2 3 3 2 3 3 4 5 5 5 5 5 5 5 5 5 5 5 5 5 5 5 5 5 5 5 5 5 5 5 5 5 5 5 5 5 5 5 5 5 5 5 5 5 5 5 5 5 5 5 5 5 5 5 5 5 5 5 5 5 5 
18.16
40.20

1 1 1 1 1 0 1 0 1 1 1 1 0 0 1 0 1 1 0 0 1 1 0 1 0 1 1 1 0 0 1 0 1 1 0 0 1 1 1 1 1 1 0 1 1 1 0 0 0 0 0 1 3 2 1 0 1 0 3 2 0 1 0 0 0 1 1 1 0 1 3 3 3 2 2 3 2 3 2 2 0 0 1 1 1 0 0 1 3 3 3 2 2 2 1 1 1 0 1 1 1 1 3 2 1 1 0 1 3 2 0 0 1 0 1 0 3 3 2 3 2 2 1 0 0 1 3 3 2 3 2 2 0 1 1 1 0 0 0 0 0 1 0 1 1 1 1 0 0 1 0 1 1 1 3 2 3 3 3 2 3 2 2 3 3 2 3 2 2 2 0 0 3 2 1 0 0 0 1 0 0 0 0 0 0 1 3 2 0 0 0 0 1 1 1 1 3 3 3 3 2 3 2 2 3 2 2 2 3 2 0 1 0 1 1 0 1 1 1 1 1 0 1 0 3 3 0 0 1 0 1 1 0 0 3 3 3 2 3 2 3 3 2 3 3 2 4 5 5 5 5 5 5 5 5 5 5 5 5 5 5 5 5 5 5 5 5 5 5 5 5 5 5 5 5 5 5 5 5 5 5 5 5 5 5 5 5 5 5 5 5 5 5 5 5 5 5 5 5 5 
18.12
39.30

1 1 1 1 1 0 1 0 1 1 1 1 0 0 1 0 0 1 0 0 1 1 0 1 0 1 1 1 0 0 1 0 1 1 0 0 1 1 1 1 1 1 0 1 1 1 0 0 0 0 0 1 0 0 1 0 0 0 0 0 0 1 1 0 0 1 0 1 0 1 0 1 1 1 3 2 0 1 3 2 0 1 3 2 0 1 3 3 0 0 1 0 0 1 0 1 3 3 2 2 1 1 0 0 3 2 3 3 2 3 2 3 2 2 1 0 3 3 1 1 0 0 2 3 2 2 0 1 3 3 1 0 2 3 1 0 1 0 1 0 1 1 3 3 3 2 1 0 1 0 1 1 2 2 3 2 3 3 0 0 2 3 3 2 1 1 2 3 3 3 3 3 3 3 2 2 1 1 0 1 0 0 3 2 2 3 3 3 0 1 0 0 2 3 2 3 1 1 2 2 3 2 1 0 2 3 2 3 3 2 3 3 2 2 2 3 1 1 2 3 0 1 2 2 3 2 2 2 1 1 0 0 3 3 2 3 3 3 0 0 2 2 3 2 3 3 3 2 1 1 2 3 2 3 4 5 5 5 5 5 5 5 5 5 5 5 5 5 5 5 5 5 5 5 5 5 5 5 5 5 5 5 5 5 5 5 5 5 5 5 5 5 5 5 5 5 5 5 5 5 
18.22
40.35

1 1 1 1 1 0 1 0 1 1 1 1 1 0 1 0 0 1 0 0 1 1 0 1 0 1 1 1 0 0 1 0 1 1 0 0 1 1 1 1 1 1 0 1 1 1 0 0 0 0 0 1 3 2 3 2 1 1 1 1 0 0 0 1 0 0 1 1 1 1 1 1 0 0 3 2 3 3 2 3 0 0 3 3 2 2 3 2 3 2 1 0 3 2 3 2 1 1 2 2 1 0 0 0 1 1 1 1 3 2 0 1 1 1 0 1 0 1 0 1 1 1 3 3 2 3 2 2 0 0 0 0 1 1 0 1 1 1 3 3 3 3 3 2 2 3 3 3 2 3 1 0 3 3 1 1 3 3 3 2 1 0 3 3 3 3 2 3 2 3 3 3 2 2 3 3 0 0 2 3 1 1 0 1 2 2 3 2 3 3 2 3 0 1 2 3 2 2 3 3 2 2 2 2 2 2 3 3 3 3 2 3 3 3 2 2 3 3 0 1 0 0 1 1 0 1 2 2 3 2 3 3 2 3 2 2 3 3 0 4 5 5 5 5 5 5 5 5 5 5 5 5 5 5 5 5 5 5 5 5 5 5 5 5 5 5 5 5 5 5 5 5 5 5 5 5 5 5 5 5 5 5 5 5 5 5 5 5 5 5 5 5 5 5 5 5 5 5 5 5 
18.35
39.65

1 1 1 1 1 0 1 0 1 1 1 1 1 0 1 0 0 1 0 0 1 1 0 1 0 1 1 1 0 0 1 0 1 1 0 0 1 1 1 1 1 1 0 1 1 1 0 0 0 0 0 1 3 2 3 2 1 1 1 1 0 0 0 1 0 0 1 1 1 1 1 1 0 0 3 2 3 3 2 3 0 0 3 3 2 2 3 2 3 2 1 0 3 2 3 2 1 1 2 2 1 0 0 0 1 1 1 1 3 2 0 1 1 1 0 1 0 1 0 1 1 1 3 3 2 3 2 2 0 0 0 0 1 1 0 1 1 1 3 3 3 3 3 2 2 3 3 3 2 3 1 0 3 3 1 1 3 3 3 2 1 0 3 3 3 3 2 3 2 3 3 3 2 2 3 3 0 0 2 3 1 1 0 1 2 2 3 2 3 3 2 3 0 1 2 3 2 2 3 3 2 2 2 2 2 2 3 3 3 3 2 3 3 3 2 2 3 3 0 1 0 0 1 1 0 1 2 2 3 2 3 3 2 3 2 2 3 3 0 1 2 4 5 5 5 5 5 5 5 5 5 5 5 5 5 5 5 5 5 5 5 5 5 5 5 5 5 5 5 5 5 5 5 5 5 5 5 5 5 5 5 5 5 5 5 5 5 5 5 5 5 5 5 5 5 5 5 5 5 5 
18.39
39.90

1 1 1 1 1 0 1 0 1 1 1 1 1 0 1 0 0 1 0 0 1 1 0 1 0 1 1 1 0 0 1 0 1 1 0 0 1 1 1 1 1 1 0 1 1 1 0 0 0 0 0 1 3 2 3 2 1 1 1 1 0 0 0 1 0 0 1 1 1 1 1 1 0 0 3 2 3 3 2 3 0 0 3 3 2 2 3 2 3 2 1 0 3 2 3 2 1 1 2 2 1 0 0 0 1 1 1 1 3 2 0 1 1 1 0 1 0 1 0 1 1 1 3 3 2 3 2 2 0 0 0 0 1 1 0 1 1 1 3 3 3 3 3 2 2 3 3 3 2 3 1 0 3 3 1 1 3 3 3 2 1 0 3 3 3 3 2 3 2 3 3 3 2 2 3 3 0 0 2 3 1 1 0 1 2 2 3 2 3 3 2 3 0 1 2 3 2 2 3 3 2 2 2 2 2 2 3 3 3 3 2 3 3 3 2 2 3 3 0 1 0 0 1 1 0 1 2 2 3 2 3 3 2 3 2 2 3 3 0 1 2 4 5 5 5 5 5 5 5 5 5 5 5 5 5 5 5 5 5 5 5 5 5 5 5 5 5 5 5 5 5 5 5 5 5 5 5 5 5 5 5 5 5 5 5 5 5 5 5 5 5 5 5 5 5 5 5 5 5 5 
18.40
39.90

1 1 1 1 1 0 1 0 1 1 1 1 1 0 1 0 0 1 0 0 1 1 0 1 0 1 1 1 0 0 1 0 1 1 0 0 1 1 1 1 1 1 0 1 1 1 0 0 0 0 0 1 3 2 3 2 1 1 1 1 0 0 0 1 0 0 1 1 1 1 1 1 0 0 3 2 3 3 2 3 0 0 3 3 2 2 3 2 3 2 1 0 3 2 3 2 1 1 2 2 1 0 0 0 1 1 1 1 3 2 0 1 1 1 0 1 0 1 0 1 1 1 3 3 2 3 2 2 0 0 0 0 1 1 0 1 1 1 3 3 3 3 3 2 2 3 3 3 2 3 1 0 3 3 1 1 3 3 3 2 1 0 3 3 3 3 2 3 2 3 3 3 2 2 3 3 0 0 2 3 1 1 0 1 2 2 3 2 3 3 2 3 0 1 2 3 2 2 3 3 2 2 2 2 2 2 3 3 3 3 2 3 3 3 2 2 3 3 0 1 0 0 1 1 0 1 2 2 3 2 3 3 2 3 2 2 3 3 0 1 2 3 4 5 5 5 5 5 5 5 5 5 5 5 5 5 5 5 5 5 5 5 5 5 5 5 5 5 5 5 5 5 5 5 5 5 5 5 5 5 5 5 5 5 5 5 5 5 5 5 5 5 5 5 5 5 5 5 5 5 
18.47
39.00

1 1 1 1 1 0 1 0 1 1 1 1 1 0 1 0 0 1 0 0 1 1 0 1 0 1 1 1 0 0 1 0 1 1 0 0 1 1 1 1 1 1 0 1 1 1 0 0 0 0 0 1 3 2 3 2 1 1 1 1 0 0 0 1 0 0 1 1 1 1 1 1 0 0 3 2 3 3 2 3 0 0 3 3 2 2 3 2 3 2 1 0 3 2 3 2 1 1 2 2 1 0 0 0 1 1 1 1 3 2 0 1 1 1 0 1 0 1 0 1 1 1 3 3 2 3 2 2 0 0 0 0 1 1 0 1 1 1 3 3 3 3 3 2 2 3 3 3 2 3 1 0 3 3 1 1 3 3 3 2 1 0 3 3 3 3 2 3 2 3 3 3 2 2 3 3 0 0 2 3 1 1 0 1 2 2 3 2 3 3 2 3 0 1 2 3 2 2 3 3 2 2 2 2 2 2 3 3 3 3 2 3 3 3 2 2 3 3 0 1 0 0 1 1 0 1 2 2 3 2 3 3 2 3 2 2 3 3 0 1 2 3 0 4 5 5 5 5 5 5 5 5 5 5 5 5 5 5 5 5 5 5 5 5 5 5 5 5 5 5 5 5 5 5 5 5 5 5 5 5 5 5 5 5 5 5 5 5 5 5 5 5 5 5 5 5 5 5 5 5 
18.53
40.15

1 1 1 1 1 0 1 0 1 1 1 1 1 0 1 0 0 1 0 0 1 1 0 1 0 1 1 1 0 0 1 0 1 1 0 0 1 1 1 1 1 1 0 1 1 1 0 0 0 0 0 1 3 2 3 2 1 1 1 1 0 0 0 1 0 0 1 1 1 1 1 1 0 0 3 2 3 3 2 3 0 0 3 3 2 2 3 2 3 2 1 0 3 2 3 2 1 1 2 2 1 0 0 0 1 1 1 1 3 2 0 1 1 1 0 1 0 1 0 1 1 1 3 3 2 3 2 2 0 0 0 0 1 1 0 1 1 1 3 3 3 3 3 2 2 3 3 3 2 3 1 0 3 3 1 1 3 3 3 2 1 0 3 3 3 3 2 3 2 3 3 3 2 2 3 3 0 0 2 3 1 1 0 1 2 2 3 2 3 3 2 3 0 1 2 3 2 2 3 3 2 2 2 2 2 2 3 3 3 3 2 3 3 3 2 2 3 3 0 1 0 0 1 1 0 1 2 2 3 2 3 3 2 3 2 2 3 3 0 1 2 3 0 0 1 0 1 4 5 5 5 5 5 5 5 5 5 5 5 5 5 5 5 5 5 5 5 5 5 5 5 5 5 5 5 5 5 5 5 5 5 5 5 5 5 5 5 5 5 5 5 5 5 5 5 5 5 5 5 5 
18.57
40.60

1 1 1 1 1 0 1 0 1 1 1 1 1 0 1 0 0 1 0 0 1 1 0 1 0 1 1 1 0 0 1 0 1 1 0 0 1 1 1 1 1 1 0 1 1 1 0 0 0 0 0 1 3 2 3 2 1 1 1 1 0 0 0 1 0 0 1 1 1 1 1 1 0 0 3 2 3 3 2 3 0 0 3 3 2 2 3 2 3 2 1 0 3 2 3 2 1 1 2 2 1 0 0 0 1 1 1 1 3 2 0 1 1 1 0 1 0 1 0 1 1 1 3 3 2 3 2 2 0 0 0 0 1 1 0 1 1 1 3 3 3 3 3 2 2 3 3 3 2 3 1 0 3 3 1 1 3 3 3 2 1 0 3 3 3 3 2 3 2 3 3 3 2 2 3 3 0 0 2 3 1 1 0 1 2 2 3 2 3 3 2 3 0 1 2 3 2 2 3 3 2 2 2 2 2 2 3 3 3 3 2 3 3 3 2 2 3 3 0 1 0 0 1 1 0 1 2 2 3 2 3 3 2 3 2 2 3 3 0 1 2 3 0 0 1 0 1 0 1 4 5 5 5 5 5 5 5 5 5 5 5 5 5 5 5 5 5 5 5 5 5 5 5 5 5 5 5 5 5 5 5 5 5 5 5 5 5 5 5 5 5 5 5 5 5 5 5 5 5 5 
18.61
40.80

1 1 1 1 1 0 1 0 1 1 1 1 1 0 1 0 0 1 0 0 1 1 0 1 0 1 1 1 0 0 1 0 1 1 0 0 1 1 1 1 1 1 0 1 1 1 0 0 0 0 0 1 3 2 3 2 1 1 1 1 0 0 0 1 0 0 1 1 1 1 1 1 0 0 3 2 3 3 2 3 0 0 3 3 2 2 3 2 3 2 1 0 3 2 3 2 1 1 2 2 1 0 0 0 1 1 1 1 3 2 0 1 1 1 0 1 0 1 0 1 1 1 3 3 2 3 2 2 0 0 0 0 1 1 0 1 1 1 3 3 3 3 3 2 2 3 3 3 2 3 1 0 3 3 1 1 3 3 3 2 1 0 3 3 3 3 2 3 2 3 3 3 2 2 3 3 0 0 2 3 1 1 0 1 2 2 3 2 3 3 2 3 0 1 2 3 2 2 3 3 2 2 2 2 2 2 3 3 3 3 2 3 3 3 2 2 3 3 0 1 0 0 1 1 0 1 2 2 3 2 3 3 2 3 2 2 3 3 0 1 2 3 0 0 1 0 1 0 1 0 4 5 5 5 5 5 5 5 5 5 5 5 5 5 5 5 5 5 5 5 5 5 5 5 5 5 5 5 5 5 5 5 5 5 5 5 5 5 5 5 5 5 5 5 5 5 5 5 5 5 
18.73
41.90

1 1 1 1 1 0 1 0 1 1 1 1 1 0 1 0 0 1 0 0 1 1 0 1 0 1 1 1 0 0 1 0 1 1 0 0 1 1 1 1 1 1 0 1 1 1 0 0 0 0 0 1 3 2 3 2 1 1 1 1 0 0 0 1 0 0 1 1 1 1 1 1 0 0 3 2 3 3 2 3 0 0 3 3 2 2 3 2 3 2 1 0 3 2 3 2 1 1 2 2 1 0 0 0 1 1 1 1 3 2 0 1 1 1 0 1 0 1 0 1 1 1 3 3 2 3 2 2 0 0 0 0 1 1 0 1 1 1 3 3 3 3 3 2 2 3 3 3 2 3 1 0 3 3 1 1 3 3 3 2 1 0 3 3 3 3 2 3 2 3 3 3 2 2 3 3 0 0 2 3 1 1 0 1 2 2 3 2 3 3 2 3 0 1 2 3 2 2 3 3 2 2 2 2 2 2 3 3 3 3 2 3 3 3 2 2 3 3 0 1 0 0 1 1 0 1 2 2 3 2 3 3 2 3 2 2 3 3 0 1 2 3 0 0 1 0 1 0 1 0 4 5 5 5 5 5 5 5 5 5 5 5 5 5 5 5 5 5 5 5 5 5 5 5 5 5 5 5 5 5 5 5 5 5 5 5 5 5 5 5 5 5 5 5 5 5 5 5 5 5 
18.69
41.90

