Arquivo de dados dos CROMOSSOMOS do Micromouse Evolutivo
3000
300

1 1 3 3 1 1 3 3 2 4 5 5 5 5 5 5 5 5 5 5 5 5 5 5 5 5 5 5 5 5 5 5 5 5 5 5 5 5 5 5 5 5 5 5 5 5 5 5 5 5 5 5 5 5 5 5 5 5 5 5 5 5 5 5 5 5 5 5 5 5 5 5 5 5 5 5 5 5 5 5 5 5 5 5 5 5 5 5 5 5 5 5 5 5 5 5 5 5 5 5 5 5 5 5 5 5 5 5 5 5 5 5 5 5 5 5 5 5 5 5 5 5 5 5 5 5 5 5 5 5 5 5 5 5 5 5 5 5 5 5 5 5 5 5 5 5 5 5 5 5 5 5 5 5 5 5 5 5 5 5 5 5 5 5 5 5 5 5 5 5 5 5 5 5 5 5 5 5 5 5 5 5 5 5 5 5 5 5 5 5 5 5 5 5 5 5 5 5 5 5 5 5 5 5 5 5 5 5 5 5 5 5 5 5 5 5 5 5 5 5 5 5 5 5 5 5 5 5 5 5 5 5 5 5 5 5 5 5 5 5 5 5 5 5 5 5 5 5 5 5 5 5 5 5 5 5 5 5 5 5 5 5 5 5 5 5 5 5 5 5 5 5 5 5 5 5 5 5 5 5 5 5 5 5 5 5 5 5 5 5 5 5 5 5 5 5 5 5 5 5 
2.22
3.82

1 0 1 1 3 2 0 1 3 3 1 1 0 0 4 5 5 5 5 5 5 5 5 5 5 5 5 5 5 5 5 5 5 5 5 5 5 5 5 5 5 5 5 5 5 5 5 5 5 5 5 5 5 5 5 5 5 5 5 5 5 5 5 5 5 5 5 5 5 5 5 5 5 5 5 5 5 5 5 5 5 5 5 5 5 5 5 5 5 5 5 5 5 5 5 5 5 5 5 5 5 5 5 5 5 5 5 5 5 5 5 5 5 5 5 5 5 5 5 5 5 5 5 5 5 5 5 5 5 5 5 5 5 5 5 5 5 5 5 5 5 5 5 5 5 5 5 5 5 5 5 5 5 5 5 5 5 5 5 5 5 5 5 5 5 5 5 5 5 5 5 5 5 5 5 5 5 5 5 5 5 5 5 5 5 5 5 5 5 5 5 5 5 5 5 5 5 5 5 5 5 5 5 5 5 5 5 5 5 5 5 5 5 5 5 5 5 5 5 5 5 5 5 5 5 5 5 5 5 5 5 5 5 5 5 5 5 5 5 5 5 5 5 5 5 5 5 5 5 5 5 5 5 5 5 5 5 5 5 5 5 5 5 5 5 5 5 5 5 5 5 5 5 5 5 5 5 5 5 5 5 5 5 5 5 5 5 5 5 5 5 5 5 5 5 5 5 5 5 5 
2.38
4.00

1 0 1 1 3 2 0 1 3 3 1 1 0 0 2 4 5 5 5 5 5 5 5 5 5 5 5 5 5 5 5 5 5 5 5 5 5 5 5 5 5 5 5 5 5 5 5 5 5 5 5 5 5 5 5 5 5 5 5 5 5 5 5 5 5 5 5 5 5 5 5 5 5 5 5 5 5 5 5 5 5 5 5 5 5 5 5 5 5 5 5 5 5 5 5 5 5 5 5 5 5 5 5 5 5 5 5 5 5 5 5 5 5 5 5 5 5 5 5 5 5 5 5 5 5 5 5 5 5 5 5 5 5 5 5 5 5 5 5 5 5 5 5 5 5 5 5 5 5 5 5 5 5 5 5 5 5 5 5 5 5 5 5 5 5 5 5 5 5 5 5 5 5 5 5 5 5 5 5 5 5 5 5 5 5 5 5 5 5 5 5 5 5 5 5 5 5 5 5 5 5 5 5 5 5 5 5 5 5 5 5 5 5 5 5 5 5 5 5 5 5 5 5 5 5 5 5 5 5 5 5 5 5 5 5 5 5 5 5 5 5 5 5 5 5 5 5 5 5 5 5 5 5 5 5 5 5 5 5 5 5 5 5 5 5 5 5 5 5 5 5 5 5 5 5 5 5 5 5 5 5 5 5 5 5 5 5 5 5 5 5 5 5 5 5 5 5 5 5 5 
2.97
4.10

1 0 1 1 3 2 0 1 3 3 1 1 0 0 2 2 4 5 5 5 5 5 5 5 5 5 5 5 5 5 5 5 5 5 5 5 5 5 5 5 5 5 5 5 5 5 5 5 5 5 5 5 5 5 5 5 5 5 5 5 5 5 5 5 5 5 5 5 5 5 5 5 5 5 5 5 5 5 5 5 5 5 5 5 5 5 5 5 5 5 5 5 5 5 5 5 5 5 5 5 5 5 5 5 5 5 5 5 5 5 5 5 5 5 5 5 5 5 5 5 5 5 5 5 5 5 5 5 5 5 5 5 5 5 5 5 5 5 5 5 5 5 5 5 5 5 5 5 5 5 5 5 5 5 5 5 5 5 5 5 5 5 5 5 5 5 5 5 5 5 5 5 5 5 5 5 5 5 5 5 5 5 5 5 5 5 5 5 5 5 5 5 5 5 5 5 5 5 5 5 5 5 5 5 5 5 5 5 5 5 5 5 5 5 5 5 5 5 5 5 5 5 5 5 5 5 5 5 5 5 5 5 5 5 5 5 5 5 5 5 5 5 5 5 5 5 5 5 5 5 5 5 5 5 5 5 5 5 5 5 5 5 5 5 5 5 5 5 5 5 5 5 5 5 5 5 5 5 5 5 5 5 5 5 5 5 5 5 5 5 5 5 5 5 5 5 5 5 5 5 
3.24
4.20

1 1 3 2 3 3 1 1 3 2 3 3 3 3 4 5 5 5 5 5 5 5 5 5 5 5 5 5 5 5 5 5 5 5 5 5 5 5 5 5 5 5 5 5 5 5 5 5 5 5 5 5 5 5 5 5 5 5 5 5 5 5 5 5 5 5 5 5 5 5 5 5 5 5 5 5 5 5 5 5 5 5 5 5 5 5 5 5 5 5 5 5 5 5 5 5 5 5 5 5 5 5 5 5 5 5 5 5 5 5 5 5 5 5 5 5 5 5 5 5 5 5 5 5 5 5 5 5 5 5 5 5 5 5 5 5 5 5 5 5 5 5 5 5 5 5 5 5 5 5 5 5 5 5 5 5 5 5 5 5 5 5 5 5 5 5 5 5 5 5 5 5 5 5 5 5 5 5 5 5 5 5 5 5 5 5 5 5 5 5 5 5 5 5 5 5 5 5 5 5 5 5 5 5 5 5 5 5 5 5 5 5 5 5 5 5 5 5 5 5 5 5 5 5 5 5 5 5 5 5 5 5 5 5 5 5 5 5 5 5 5 5 5 5 5 5 5 5 5 5 5 5 5 5 5 5 5 5 5 5 5 5 5 5 5 5 5 5 5 5 5 5 5 5 5 5 5 5 5 5 5 5 5 5 5 5 5 5 5 5 5 5 5 5 5 5 5 5 5 5 
3.37
5.08

1 1 3 2 3 3 1 1 3 2 3 3 3 3 1 4 5 5 5 5 5 5 5 5 5 5 5 5 5 5 5 5 5 5 5 5 5 5 5 5 5 5 5 5 5 5 5 5 5 5 5 5 5 5 5 5 5 5 5 5 5 5 5 5 5 5 5 5 5 5 5 5 5 5 5 5 5 5 5 5 5 5 5 5 5 5 5 5 5 5 5 5 5 5 5 5 5 5 5 5 5 5 5 5 5 5 5 5 5 5 5 5 5 5 5 5 5 5 5 5 5 5 5 5 5 5 5 5 5 5 5 5 5 5 5 5 5 5 5 5 5 5 5 5 5 5 5 5 5 5 5 5 5 5 5 5 5 5 5 5 5 5 5 5 5 5 5 5 5 5 5 5 5 5 5 5 5 5 5 5 5 5 5 5 5 5 5 5 5 5 5 5 5 5 5 5 5 5 5 5 5 5 5 5 5 5 5 5 5 5 5 5 5 5 5 5 5 5 5 5 5 5 5 5 5 5 5 5 5 5 5 5 5 5 5 5 5 5 5 5 5 5 5 5 5 5 5 5 5 5 5 5 5 5 5 5 5 5 5 5 5 5 5 5 5 5 5 5 5 5 5 5 5 5 5 5 5 5 5 5 5 5 5 5 5 5 5 5 5 5 5 5 5 5 5 5 5 5 5 5 
3.68
5.18

1 1 3 2 3 3 2 2 3 3 1 1 3 2 2 2 1 1 0 0 1 1 1 1 1 4 5 5 5 5 5 5 5 5 5 5 5 5 5 5 5 5 5 5 5 5 5 5 5 5 5 5 5 5 5 5 5 5 5 5 5 5 5 5 5 5 5 5 5 5 5 5 5 5 5 5 5 5 5 5 5 5 5 5 5 5 5 5 5 5 5 5 5 5 5 5 5 5 5 5 5 5 5 5 5 5 5 5 5 5 5 5 5 5 5 5 5 5 5 5 5 5 5 5 5 5 5 5 5 5 5 5 5 5 5 5 5 5 5 5 5 5 5 5 5 5 5 5 5 5 5 5 5 5 5 5 5 5 5 5 5 5 5 5 5 5 5 5 5 5 5 5 5 5 5 5 5 5 5 5 5 5 5 5 5 5 5 5 5 5 5 5 5 5 5 5 5 5 5 5 5 5 5 5 5 5 5 5 5 5 5 5 5 5 5 5 5 5 5 5 5 5 5 5 5 5 5 5 5 5 5 5 5 5 5 5 5 5 5 5 5 5 5 5 5 5 5 5 5 5 5 5 5 5 5 5 5 5 5 5 5 5 5 5 5 5 5 5 5 5 5 5 5 5 5 5 5 5 5 5 5 5 5 5 5 5 5 5 5 5 5 5 5 5 5 5 5 5 5 5 
3.97
5.94

1 1 3 2 3 3 2 2 3 3 1 1 3 2 2 2 1 0 1 1 0 0 1 0 1 1 1 0 1 1 1 4 5 5 5 5 5 5 5 5 5 5 5 5 5 5 5 5 5 5 5 5 5 5 5 5 5 5 5 5 5 5 5 5 5 5 5 5 5 5 5 5 5 5 5 5 5 5 5 5 5 5 5 5 5 5 5 5 5 5 5 5 5 5 5 5 5 5 5 5 5 5 5 5 5 5 5 5 5 5 5 5 5 5 5 5 5 5 5 5 5 5 5 5 5 5 5 5 5 5 5 5 5 5 5 5 5 5 5 5 5 5 5 5 5 5 5 5 5 5 5 5 5 5 5 5 5 5 5 5 5 5 5 5 5 5 5 5 5 5 5 5 5 5 5 5 5 5 5 5 5 5 5 5 5 5 5 5 5 5 5 5 5 5 5 5 5 5 5 5 5 5 5 5 5 5 5 5 5 5 5 5 5 5 5 5 5 5 5 5 5 5 5 5 5 5 5 5 5 5 5 5 5 5 5 5 5 5 5 5 5 5 5 5 5 5 5 5 5 5 5 5 5 5 5 5 5 5 5 5 5 5 5 5 5 5 5 5 5 5 5 5 5 5 5 5 5 5 5 5 5 5 5 5 5 5 5 5 5 5 5 5 5 5 5 5 5 5 5 5 
4.21
6.06

1 1 3 2 3 3 2 2 3 3 1 1 3 2 2 2 1 0 1 0 1 0 3 2 1 1 1 0 0 0 3 3 3 3 3 4 5 5 5 5 5 5 5 5 5 5 5 5 5 5 5 5 5 5 5 5 5 5 5 5 5 5 5 5 5 5 5 5 5 5 5 5 5 5 5 5 5 5 5 5 5 5 5 5 5 5 5 5 5 5 5 5 5 5 5 5 5 5 5 5 5 5 5 5 5 5 5 5 5 5 5 5 5 5 5 5 5 5 5 5 5 5 5 5 5 5 5 5 5 5 5 5 5 5 5 5 5 5 5 5 5 5 5 5 5 5 5 5 5 5 5 5 5 5 5 5 5 5 5 5 5 5 5 5 5 5 5 5 5 5 5 5 5 5 5 5 5 5 5 5 5 5 5 5 5 5 5 5 5 5 5 5 5 5 5 5 5 5 5 5 5 5 5 5 5 5 5 5 5 5 5 5 5 5 5 5 5 5 5 5 5 5 5 5 5 5 5 5 5 5 5 5 5 5 5 5 5 5 5 5 5 5 5 5 5 5 5 5 5 5 5 5 5 5 5 5 5 5 5 5 5 5 5 5 5 5 5 5 5 5 5 5 5 5 5 5 5 5 5 5 5 5 5 5 5 5 5 5 5 5 5 5 5 5 5 5 5 5 5 5 
4.37
6.54

1 1 3 2 3 3 2 2 3 3 1 1 3 2 2 2 1 0 1 0 1 0 3 2 1 1 0 0 1 1 0 0 3 3 3 3 3 2 3 3 1 4 5 5 5 5 5 5 5 5 5 5 5 5 5 5 5 5 5 5 5 5 5 5 5 5 5 5 5 5 5 5 5 5 5 5 5 5 5 5 5 5 5 5 5 5 5 5 5 5 5 5 5 5 5 5 5 5 5 5 5 5 5 5 5 5 5 5 5 5 5 5 5 5 5 5 5 5 5 5 5 5 5 5 5 5 5 5 5 5 5 5 5 5 5 5 5 5 5 5 5 5 5 5 5 5 5 5 5 5 5 5 5 5 5 5 5 5 5 5 5 5 5 5 5 5 5 5 5 5 5 5 5 5 5 5 5 5 5 5 5 5 5 5 5 5 5 5 5 5 5 5 5 5 5 5 5 5 5 5 5 5 5 5 5 5 5 5 5 5 5 5 5 5 5 5 5 5 5 5 5 5 5 5 5 5 5 5 5 5 5 5 5 5 5 5 5 5 5 5 5 5 5 5 5 5 5 5 5 5 5 5 5 5 5 5 5 5 5 5 5 5 5 5 5 5 5 5 5 5 5 5 5 5 5 5 5 5 5 5 5 5 5 5 5 5 5 5 5 5 5 5 5 5 5 5 5 5 5 5 
4.52
6.82

1 1 3 3 1 1 3 3 3 3 1 1 0 1 1 1 3 3 4 5 5 5 5 5 5 5 5 5 5 5 5 5 5 5 5 5 5 5 5 5 5 5 5 5 5 5 5 5 5 5 5 5 5 5 5 5 5 5 5 5 5 5 5 5 5 5 5 5 5 5 5 5 5 5 5 5 5 5 5 5 5 5 5 5 5 5 5 5 5 5 5 5 5 5 5 5 5 5 5 5 5 5 5 5 5 5 5 5 5 5 5 5 5 5 5 5 5 5 5 5 5 5 5 5 5 5 5 5 5 5 5 5 5 5 5 5 5 5 5 5 5 5 5 5 5 5 5 5 5 5 5 5 5 5 5 5 5 5 5 5 5 5 5 5 5 5 5 5 5 5 5 5 5 5 5 5 5 5 5 5 5 5 5 5 5 5 5 5 5 5 5 5 5 5 5 5 5 5 5 5 5 5 5 5 5 5 5 5 5 5 5 5 5 5 5 5 5 5 5 5 5 5 5 5 5 5 5 5 5 5 5 5 5 5 5 5 5 5 5 5 5 5 5 5 5 5 5 5 5 5 5 5 5 5 5 5 5 5 5 5 5 5 5 5 5 5 5 5 5 5 5 5 5 5 5 5 5 5 5 5 5 5 5 5 5 5 5 5 5 5 5 5 5 5 5 5 5 5 5 5 
4.63
7.64

1 1 3 3 1 1 3 3 3 3 1 1 0 1 1 1 3 3 4 5 5 5 5 5 5 5 5 5 5 5 5 5 5 5 5 5 5 5 5 5 5 5 5 5 5 5 5 5 5 5 5 5 5 5 5 5 5 5 5 5 5 5 5 5 5 5 5 5 5 5 5 5 5 5 5 5 5 5 5 5 5 5 5 5 5 5 5 5 5 5 5 5 5 5 5 5 5 5 5 5 5 5 5 5 5 5 5 5 5 5 5 5 5 5 5 5 5 5 5 5 5 5 5 5 5 5 5 5 5 5 5 5 5 5 5 5 5 5 5 5 5 5 5 5 5 5 5 5 5 5 5 5 5 5 5 5 5 5 5 5 5 5 5 5 5 5 5 5 5 5 5 5 5 5 5 5 5 5 5 5 5 5 5 5 5 5 5 5 5 5 5 5 5 5 5 5 5 5 5 5 5 5 5 5 5 5 5 5 5 5 5 5 5 5 5 5 5 5 5 5 5 5 5 5 5 5 5 5 5 5 5 5 5 5 5 5 5 5 5 5 5 5 5 5 5 5 5 5 5 5 5 5 5 5 5 5 5 5 5 5 5 5 5 5 5 5 5 5 5 5 5 5 5 5 5 5 5 5 5 5 5 5 5 5 5 5 5 5 5 5 5 5 5 5 5 5 5 5 5 5 
4.42
7.64

1 1 3 3 1 1 3 3 3 3 1 1 0 1 1 1 3 3 4 5 5 5 5 5 5 5 5 5 5 5 5 5 5 5 5 5 5 5 5 5 5 5 5 5 5 5 5 5 5 5 5 5 5 5 5 5 5 5 5 5 5 5 5 5 5 5 5 5 5 5 5 5 5 5 5 5 5 5 5 5 5 5 5 5 5 5 5 5 5 5 5 5 5 5 5 5 5 5 5 5 5 5 5 5 5 5 5 5 5 5 5 5 5 5 5 5 5 5 5 5 5 5 5 5 5 5 5 5 5 5 5 5 5 5 5 5 5 5 5 5 5 5 5 5 5 5 5 5 5 5 5 5 5 5 5 5 5 5 5 5 5 5 5 5 5 5 5 5 5 5 5 5 5 5 5 5 5 5 5 5 5 5 5 5 5 5 5 5 5 5 5 5 5 5 5 5 5 5 5 5 5 5 5 5 5 5 5 5 5 5 5 5 5 5 5 5 5 5 5 5 5 5 5 5 5 5 5 5 5 5 5 5 5 5 5 5 5 5 5 5 5 5 5 5 5 5 5 5 5 5 5 5 5 5 5 5 5 5 5 5 5 5 5 5 5 5 5 5 5 5 5 5 5 5 5 5 5 5 5 5 5 5 5 5 5 5 5 5 5 5 5 5 5 5 5 5 5 5 5 5 
4.77
7.64

1 1 3 2 3 3 2 2 3 3 1 1 3 2 2 2 1 0 1 0 3 3 3 3 3 2 2 3 3 3 2 3 1 1 2 3 1 4 5 5 5 5 5 5 5 5 5 5 5 5 5 5 5 5 5 5 5 5 5 5 5 5 5 5 5 5 5 5 5 5 5 5 5 5 5 5 5 5 5 5 5 5 5 5 5 5 5 5 5 5 5 5 5 5 5 5 5 5 5 5 5 5 5 5 5 5 5 5 5 5 5 5 5 5 5 5 5 5 5 5 5 5 5 5 5 5 5 5 5 5 5 5 5 5 5 5 5 5 5 5 5 5 5 5 5 5 5 5 5 5 5 5 5 5 5 5 5 5 5 5 5 5 5 5 5 5 5 5 5 5 5 5 5 5 5 5 5 5 5 5 5 5 5 5 5 5 5 5 5 5 5 5 5 5 5 5 5 5 5 5 5 5 5 5 5 5 5 5 5 5 5 5 5 5 5 5 5 5 5 5 5 5 5 5 5 5 5 5 5 5 5 5 5 5 5 5 5 5 5 5 5 5 5 5 5 5 5 5 5 5 5 5 5 5 5 5 5 5 5 5 5 5 5 5 5 5 5 5 5 5 5 5 5 5 5 5 5 5 5 5 5 5 5 5 5 5 5 5 5 5 5 5 5 5 5 5 5 5 5 5 
4.83
7.66

1 1 3 2 3 3 2 2 3 3 1 1 3 2 2 2 1 0 1 0 1 0 3 2 1 1 0 0 1 1 0 0 3 3 3 3 3 3 1 1 1 0 1 4 5 5 5 5 5 5 5 5 5 5 5 5 5 5 5 5 5 5 5 5 5 5 5 5 5 5 5 5 5 5 5 5 5 5 5 5 5 5 5 5 5 5 5 5 5 5 5 5 5 5 5 5 5 5 5 5 5 5 5 5 5 5 5 5 5 5 5 5 5 5 5 5 5 5 5 5 5 5 5 5 5 5 5 5 5 5 5 5 5 5 5 5 5 5 5 5 5 5 5 5 5 5 5 5 5 5 5 5 5 5 5 5 5 5 5 5 5 5 5 5 5 5 5 5 5 5 5 5 5 5 5 5 5 5 5 5 5 5 5 5 5 5 5 5 5 5 5 5 5 5 5 5 5 5 5 5 5 5 5 5 5 5 5 5 5 5 5 5 5 5 5 5 5 5 5 5 5 5 5 5 5 5 5 5 5 5 5 5 5 5 5 5 5 5 5 5 5 5 5 5 5 5 5 5 5 5 5 5 5 5 5 5 5 5 5 5 5 5 5 5 5 5 5 5 5 5 5 5 5 5 5 5 5 5 5 5 5 5 5 5 5 5 5 5 5 5 5 5 5 5 5 5 5 5 5 5 
4.87
8.02

1 1 3 2 3 3 2 2 3 3 1 1 3 2 2 2 1 0 1 0 1 0 3 2 1 1 0 0 1 1 0 0 3 3 2 3 3 3 3 2 3 3 1 1 1 0 1 4 5 5 5 5 5 5 5 5 5 5 5 5 5 5 5 5 5 5 5 5 5 5 5 5 5 5 5 5 5 5 5 5 5 5 5 5 5 5 5 5 5 5 5 5 5 5 5 5 5 5 5 5 5 5 5 5 5 5 5 5 5 5 5 5 5 5 5 5 5 5 5 5 5 5 5 5 5 5 5 5 5 5 5 5 5 5 5 5 5 5 5 5 5 5 5 5 5 5 5 5 5 5 5 5 5 5 5 5 5 5 5 5 5 5 5 5 5 5 5 5 5 5 5 5 5 5 5 5 5 5 5 5 5 5 5 5 5 5 5 5 5 5 5 5 5 5 5 5 5 5 5 5 5 5 5 5 5 5 5 5 5 5 5 5 5 5 5 5 5 5 5 5 5 5 5 5 5 5 5 5 5 5 5 5 5 5 5 5 5 5 5 5 5 5 5 5 5 5 5 5 5 5 5 5 5 5 5 5 5 5 5 5 5 5 5 5 5 5 5 5 5 5 5 5 5 5 5 5 5 5 5 5 5 5 5 5 5 5 5 5 5 5 5 5 5 5 5 5 5 5 5 5 
4.96
8.10

1 1 3 2 3 3 2 2 3 3 1 1 3 2 2 2 1 0 1 0 1 0 3 2 1 1 0 0 1 1 0 0 3 3 2 3 3 3 3 2 3 3 1 1 1 0 1 4 5 5 5 5 5 5 5 5 5 5 5 5 5 5 5 5 5 5 5 5 5 5 5 5 5 5 5 5 5 5 5 5 5 5 5 5 5 5 5 5 5 5 5 5 5 5 5 5 5 5 5 5 5 5 5 5 5 5 5 5 5 5 5 5 5 5 5 5 5 5 5 5 5 5 5 5 5 5 5 5 5 5 5 5 5 5 5 5 5 5 5 5 5 5 5 5 5 5 5 5 5 5 5 5 5 5 5 5 5 5 5 5 5 5 5 5 5 5 5 5 5 5 5 5 5 5 5 5 5 5 5 5 5 5 5 5 5 5 5 5 5 5 5 5 5 5 5 5 5 5 5 5 5 5 5 5 5 5 5 5 5 5 5 5 5 5 5 5 5 5 5 5 5 5 5 5 5 5 5 5 5 5 5 5 5 5 5 5 5 5 5 5 5 5 5 5 5 5 5 5 5 5 5 5 5 5 5 5 5 5 5 5 5 5 5 5 5 5 5 5 5 5 5 5 5 5 5 5 5 5 5 5 5 5 5 5 5 5 5 5 5 5 5 5 5 5 5 5 5 5 5 5 
5.02
8.10

1 1 3 2 3 3 2 2 3 3 1 1 3 2 2 2 1 0 1 0 1 0 3 2 1 1 0 0 1 1 0 0 3 3 2 3 3 3 3 2 3 3 1 1 1 0 1 1 3 4 5 5 5 5 5 5 5 5 5 5 5 5 5 5 5 5 5 5 5 5 5 5 5 5 5 5 5 5 5 5 5 5 5 5 5 5 5 5 5 5 5 5 5 5 5 5 5 5 5 5 5 5 5 5 5 5 5 5 5 5 5 5 5 5 5 5 5 5 5 5 5 5 5 5 5 5 5 5 5 5 5 5 5 5 5 5 5 5 5 5 5 5 5 5 5 5 5 5 5 5 5 5 5 5 5 5 5 5 5 5 5 5 5 5 5 5 5 5 5 5 5 5 5 5 5 5 5 5 5 5 5 5 5 5 5 5 5 5 5 5 5 5 5 5 5 5 5 5 5 5 5 5 5 5 5 5 5 5 5 5 5 5 5 5 5 5 5 5 5 5 5 5 5 5 5 5 5 5 5 5 5 5 5 5 5 5 5 5 5 5 5 5 5 5 5 5 5 5 5 5 5 5 5 5 5 5 5 5 5 5 5 5 5 5 5 5 5 5 5 5 5 5 5 5 5 5 5 5 5 5 5 5 5 5 5 5 5 5 5 5 5 5 5 5 5 5 5 5 5 5 
5.06
8.30

1 1 3 2 3 3 2 2 3 3 1 1 3 2 2 2 1 0 1 0 1 0 3 2 1 1 0 0 1 1 0 0 3 3 2 3 3 3 3 2 3 3 1 1 1 0 1 1 3 3 4 5 5 5 5 5 5 5 5 5 5 5 5 5 5 5 5 5 5 5 5 5 5 5 5 5 5 5 5 5 5 5 5 5 5 5 5 5 5 5 5 5 5 5 5 5 5 5 5 5 5 5 5 5 5 5 5 5 5 5 5 5 5 5 5 5 5 5 5 5 5 5 5 5 5 5 5 5 5 5 5 5 5 5 5 5 5 5 5 5 5 5 5 5 5 5 5 5 5 5 5 5 5 5 5 5 5 5 5 5 5 5 5 5 5 5 5 5 5 5 5 5 5 5 5 5 5 5 5 5 5 5 5 5 5 5 5 5 5 5 5 5 5 5 5 5 5 5 5 5 5 5 5 5 5 5 5 5 5 5 5 5 5 5 5 5 5 5 5 5 5 5 5 5 5 5 5 5 5 5 5 5 5 5 5 5 5 5 5 5 5 5 5 5 5 5 5 5 5 5 5 5 5 5 5 5 5 5 5 5 5 5 5 5 5 5 5 5 5 5 5 5 5 5 5 5 5 5 5 5 5 5 5 5 5 5 5 5 5 5 5 5 5 5 5 5 5 5 5 5 
5.12
9.40

1 1 3 2 3 3 2 2 3 3 1 1 3 2 2 2 1 0 1 0 1 0 3 2 1 1 0 0 1 1 0 0 3 3 2 3 3 3 3 2 3 3 1 1 1 0 1 1 3 3 4 5 5 5 5 5 5 5 5 5 5 5 5 5 5 5 5 5 5 5 5 5 5 5 5 5 5 5 5 5 5 5 5 5 5 5 5 5 5 5 5 5 5 5 5 5 5 5 5 5 5 5 5 5 5 5 5 5 5 5 5 5 5 5 5 5 5 5 5 5 5 5 5 5 5 5 5 5 5 5 5 5 5 5 5 5 5 5 5 5 5 5 5 5 5 5 5 5 5 5 5 5 5 5 5 5 5 5 5 5 5 5 5 5 5 5 5 5 5 5 5 5 5 5 5 5 5 5 5 5 5 5 5 5 5 5 5 5 5 5 5 5 5 5 5 5 5 5 5 5 5 5 5 5 5 5 5 5 5 5 5 5 5 5 5 5 5 5 5 5 5 5 5 5 5 5 5 5 5 5 5 5 5 5 5 5 5 5 5 5 5 5 5 5 5 5 5 5 5 5 5 5 5 5 5 5 5 5 5 5 5 5 5 5 5 5 5 5 5 5 5 5 5 5 5 5 5 5 5 5 5 5 5 5 5 5 5 5 5 5 5 5 5 5 5 5 5 5 5 5 
5.17
9.40

1 1 3 3 1 1 3 3 3 3 1 1 0 1 1 1 3 3 2 2 3 2 3 3 2 3 3 3 3 2 1 1 4 5 5 5 5 5 5 5 5 5 5 5 5 5 5 5 5 5 5 5 5 5 5 5 5 5 5 5 5 5 5 5 5 5 5 5 5 5 5 5 5 5 5 5 5 5 5 5 5 5 5 5 5 5 5 5 5 5 5 5 5 5 5 5 5 5 5 5 5 5 5 5 5 5 5 5 5 5 5 5 5 5 5 5 5 5 5 5 5 5 5 5 5 5 5 5 5 5 5 5 5 5 5 5 5 5 5 5 5 5 5 5 5 5 5 5 5 5 5 5 5 5 5 5 5 5 5 5 5 5 5 5 5 5 5 5 5 5 5 5 5 5 5 5 5 5 5 5 5 5 5 5 5 5 5 5 5 5 5 5 5 5 5 5 5 5 5 5 5 5 5 5 5 5 5 5 5 5 5 5 5 5 5 5 5 5 5 5 5 5 5 5 5 5 5 5 5 5 5 5 5 5 5 5 5 5 5 5 5 5 5 5 5 5 5 5 5 5 5 5 5 5 5 5 5 5 5 5 5 5 5 5 5 5 5 5 5 5 5 5 5 5 5 5 5 5 5 5 5 5 5 5 5 5 5 5 5 5 5 5 5 5 5 5 5 5 5 5 
5.23
10.48

1 1 3 3 1 1 3 3 3 3 1 1 0 1 1 1 3 3 2 2 3 2 3 3 2 3 3 3 3 2 1 1 1 4 5 5 5 5 5 5 5 5 5 5 5 5 5 5 5 5 5 5 5 5 5 5 5 5 5 5 5 5 5 5 5 5 5 5 5 5 5 5 5 5 5 5 5 5 5 5 5 5 5 5 5 5 5 5 5 5 5 5 5 5 5 5 5 5 5 5 5 5 5 5 5 5 5 5 5 5 5 5 5 5 5 5 5 5 5 5 5 5 5 5 5 5 5 5 5 5 5 5 5 5 5 5 5 5 5 5 5 5 5 5 5 5 5 5 5 5 5 5 5 5 5 5 5 5 5 5 5 5 5 5 5 5 5 5 5 5 5 5 5 5 5 5 5 5 5 5 5 5 5 5 5 5 5 5 5 5 5 5 5 5 5 5 5 5 5 5 5 5 5 5 5 5 5 5 5 5 5 5 5 5 5 5 5 5 5 5 5 5 5 5 5 5 5 5 5 5 5 5 5 5 5 5 5 5 5 5 5 5 5 5 5 5 5 5 5 5 5 5 5 5 5 5 5 5 5 5 5 5 5 5 5 5 5 5 5 5 5 5 5 5 5 5 5 5 5 5 5 5 5 5 5 5 5 5 5 5 5 5 5 5 5 5 5 5 5 5 
5.31
11.58

1 1 3 3 1 1 3 3 3 3 1 1 0 1 1 1 3 3 2 2 3 2 3 3 2 3 3 3 3 2 1 1 1 4 5 5 5 5 5 5 5 5 5 5 5 5 5 5 5 5 5 5 5 5 5 5 5 5 5 5 5 5 5 5 5 5 5 5 5 5 5 5 5 5 5 5 5 5 5 5 5 5 5 5 5 5 5 5 5 5 5 5 5 5 5 5 5 5 5 5 5 5 5 5 5 5 5 5 5 5 5 5 5 5 5 5 5 5 5 5 5 5 5 5 5 5 5 5 5 5 5 5 5 5 5 5 5 5 5 5 5 5 5 5 5 5 5 5 5 5 5 5 5 5 5 5 5 5 5 5 5 5 5 5 5 5 5 5 5 5 5 5 5 5 5 5 5 5 5 5 5 5 5 5 5 5 5 5 5 5 5 5 5 5 5 5 5 5 5 5 5 5 5 5 5 5 5 5 5 5 5 5 5 5 5 5 5 5 5 5 5 5 5 5 5 5 5 5 5 5 5 5 5 5 5 5 5 5 5 5 5 5 5 5 5 5 5 5 5 5 5 5 5 5 5 5 5 5 5 5 5 5 5 5 5 5 5 5 5 5 5 5 5 5 5 5 5 5 5 5 5 5 5 5 5 5 5 5 5 5 5 5 5 5 5 5 5 5 5 5 
5.39
11.58

1 1 3 3 1 1 3 3 3 3 1 1 0 1 1 1 3 3 2 2 3 2 3 3 2 3 3 3 3 2 1 1 1 4 5 5 5 5 5 5 5 5 5 5 5 5 5 5 5 5 5 5 5 5 5 5 5 5 5 5 5 5 5 5 5 5 5 5 5 5 5 5 5 5 5 5 5 5 5 5 5 5 5 5 5 5 5 5 5 5 5 5 5 5 5 5 5 5 5 5 5 5 5 5 5 5 5 5 5 5 5 5 5 5 5 5 5 5 5 5 5 5 5 5 5 5 5 5 5 5 5 5 5 5 5 5 5 5 5 5 5 5 5 5 5 5 5 5 5 5 5 5 5 5 5 5 5 5 5 5 5 5 5 5 5 5 5 5 5 5 5 5 5 5 5 5 5 5 5 5 5 5 5 5 5 5 5 5 5 5 5 5 5 5 5 5 5 5 5 5 5 5 5 5 5 5 5 5 5 5 5 5 5 5 5 5 5 5 5 5 5 5 5 5 5 5 5 5 5 5 5 5 5 5 5 5 5 5 5 5 5 5 5 5 5 5 5 5 5 5 5 5 5 5 5 5 5 5 5 5 5 5 5 5 5 5 5 5 5 5 5 5 5 5 5 5 5 5 5 5 5 5 5 5 5 5 5 5 5 5 5 5 5 5 5 5 5 5 5 5 
5.45
11.58

1 1 3 2 3 3 2 2 3 3 1 1 3 2 2 2 1 0 1 0 1 0 3 2 1 1 0 0 1 1 1 0 0 0 3 2 3 3 0 0 2 3 2 3 1 1 2 3 3 3 3 3 2 3 1 1 1 1 3 3 2 3 3 3 2 3 3 3 2 4 5 5 5 5 5 5 5 5 5 5 5 5 5 5 5 5 5 5 5 5 5 5 5 5 5 5 5 5 5 5 5 5 5 5 5 5 5 5 5 5 5 5 5 5 5 5 5 5 5 5 5 5 5 5 5 5 5 5 5 5 5 5 5 5 5 5 5 5 5 5 5 5 5 5 5 5 5 5 5 5 5 5 5 5 5 5 5 5 5 5 5 5 5 5 5 5 5 5 5 5 5 5 5 5 5 5 5 5 5 5 5 5 5 5 5 5 5 5 5 5 5 5 5 5 5 5 5 5 5 5 5 5 5 5 5 5 5 5 5 5 5 5 5 5 5 5 5 5 5 5 5 5 5 5 5 5 5 5 5 5 5 5 5 5 5 5 5 5 5 5 5 5 5 5 5 5 5 5 5 5 5 5 5 5 5 5 5 5 5 5 5 5 5 5 5 5 5 5 5 5 5 5 5 5 5 5 5 5 5 5 5 5 5 5 5 5 5 5 5 5 5 5 5 5 5 5 5 5 5 5 
5.50
11.74

1 1 3 3 1 1 3 3 3 3 1 1 0 1 1 1 3 3 2 2 3 2 3 3 2 3 3 3 3 2 1 1 1 0 3 3 4 5 5 5 5 5 5 5 5 5 5 5 5 5 5 5 5 5 5 5 5 5 5 5 5 5 5 5 5 5 5 5 5 5 5 5 5 5 5 5 5 5 5 5 5 5 5 5 5 5 5 5 5 5 5 5 5 5 5 5 5 5 5 5 5 5 5 5 5 5 5 5 5 5 5 5 5 5 5 5 5 5 5 5 5 5 5 5 5 5 5 5 5 5 5 5 5 5 5 5 5 5 5 5 5 5 5 5 5 5 5 5 5 5 5 5 5 5 5 5 5 5 5 5 5 5 5 5 5 5 5 5 5 5 5 5 5 5 5 5 5 5 5 5 5 5 5 5 5 5 5 5 5 5 5 5 5 5 5 5 5 5 5 5 5 5 5 5 5 5 5 5 5 5 5 5 5 5 5 5 5 5 5 5 5 5 5 5 5 5 5 5 5 5 5 5 5 5 5 5 5 5 5 5 5 5 5 5 5 5 5 5 5 5 5 5 5 5 5 5 5 5 5 5 5 5 5 5 5 5 5 5 5 5 5 5 5 5 5 5 5 5 5 5 5 5 5 5 5 5 5 5 5 5 5 5 5 5 5 5 5 5 5 5 
5.56
12.80

1 1 3 3 1 1 3 3 3 3 1 1 0 1 1 1 3 3 2 2 3 2 3 3 2 3 3 3 3 2 1 1 1 0 3 3 4 5 5 5 5 5 5 5 5 5 5 5 5 5 5 5 5 5 5 5 5 5 5 5 5 5 5 5 5 5 5 5 5 5 5 5 5 5 5 5 5 5 5 5 5 5 5 5 5 5 5 5 5 5 5 5 5 5 5 5 5 5 5 5 5 5 5 5 5 5 5 5 5 5 5 5 5 5 5 5 5 5 5 5 5 5 5 5 5 5 5 5 5 5 5 5 5 5 5 5 5 5 5 5 5 5 5 5 5 5 5 5 5 5 5 5 5 5 5 5 5 5 5 5 5 5 5 5 5 5 5 5 5 5 5 5 5 5 5 5 5 5 5 5 5 5 5 5 5 5 5 5 5 5 5 5 5 5 5 5 5 5 5 5 5 5 5 5 5 5 5 5 5 5 5 5 5 5 5 5 5 5 5 5 5 5 5 5 5 5 5 5 5 5 5 5 5 5 5 5 5 5 5 5 5 5 5 5 5 5 5 5 5 5 5 5 5 5 5 5 5 5 5 5 5 5 5 5 5 5 5 5 5 5 5 5 5 5 5 5 5 5 5 5 5 5 5 5 5 5 5 5 5 5 5 5 5 5 5 5 5 5 5 5 
5.46
12.80

1 1 3 3 1 1 3 3 3 3 1 1 0 1 1 1 3 3 2 2 3 2 3 3 2 3 3 3 3 2 1 1 1 0 3 3 2 4 5 5 5 5 5 5 5 5 5 5 5 5 5 5 5 5 5 5 5 5 5 5 5 5 5 5 5 5 5 5 5 5 5 5 5 5 5 5 5 5 5 5 5 5 5 5 5 5 5 5 5 5 5 5 5 5 5 5 5 5 5 5 5 5 5 5 5 5 5 5 5 5 5 5 5 5 5 5 5 5 5 5 5 5 5 5 5 5 5 5 5 5 5 5 5 5 5 5 5 5 5 5 5 5 5 5 5 5 5 5 5 5 5 5 5 5 5 5 5 5 5 5 5 5 5 5 5 5 5 5 5 5 5 5 5 5 5 5 5 5 5 5 5 5 5 5 5 5 5 5 5 5 5 5 5 5 5 5 5 5 5 5 5 5 5 5 5 5 5 5 5 5 5 5 5 5 5 5 5 5 5 5 5 5 5 5 5 5 5 5 5 5 5 5 5 5 5 5 5 5 5 5 5 5 5 5 5 5 5 5 5 5 5 5 5 5 5 5 5 5 5 5 5 5 5 5 5 5 5 5 5 5 5 5 5 5 5 5 5 5 5 5 5 5 5 5 5 5 5 5 5 5 5 5 5 5 5 5 5 5 5 5 
5.66
11.82

1 1 3 2 3 3 2 2 3 3 1 1 3 2 2 2 1 0 1 0 1 0 3 2 1 1 0 0 1 1 1 0 0 0 3 2 3 3 0 0 2 3 2 3 1 1 2 3 3 3 3 3 2 3 1 1 1 1 3 3 2 3 3 3 2 3 3 3 2 3 0 0 3 2 3 2 1 4 5 5 5 5 5 5 5 5 5 5 5 5 5 5 5 5 5 5 5 5 5 5 5 5 5 5 5 5 5 5 5 5 5 5 5 5 5 5 5 5 5 5 5 5 5 5 5 5 5 5 5 5 5 5 5 5 5 5 5 5 5 5 5 5 5 5 5 5 5 5 5 5 5 5 5 5 5 5 5 5 5 5 5 5 5 5 5 5 5 5 5 5 5 5 5 5 5 5 5 5 5 5 5 5 5 5 5 5 5 5 5 5 5 5 5 5 5 5 5 5 5 5 5 5 5 5 5 5 5 5 5 5 5 5 5 5 5 5 5 5 5 5 5 5 5 5 5 5 5 5 5 5 5 5 5 5 5 5 5 5 5 5 5 5 5 5 5 5 5 5 5 5 5 5 5 5 5 5 5 5 5 5 5 5 5 5 5 5 5 5 5 5 5 5 5 5 5 5 5 5 5 5 5 5 5 5 5 5 5 5 5 5 5 5 5 5 5 5 5 5 5 5 
5.69
12.22

1 1 3 2 3 3 2 2 3 3 1 1 3 2 2 2 1 0 1 0 1 0 3 2 1 1 0 0 1 1 1 0 0 0 3 2 3 3 0 0 2 3 2 3 1 1 2 3 3 3 3 3 2 3 1 1 1 1 3 3 2 3 3 3 2 3 3 3 2 3 0 0 3 2 3 2 1 4 5 5 5 5 5 5 5 5 5 5 5 5 5 5 5 5 5 5 5 5 5 5 5 5 5 5 5 5 5 5 5 5 5 5 5 5 5 5 5 5 5 5 5 5 5 5 5 5 5 5 5 5 5 5 5 5 5 5 5 5 5 5 5 5 5 5 5 5 5 5 5 5 5 5 5 5 5 5 5 5 5 5 5 5 5 5 5 5 5 5 5 5 5 5 5 5 5 5 5 5 5 5 5 5 5 5 5 5 5 5 5 5 5 5 5 5 5 5 5 5 5 5 5 5 5 5 5 5 5 5 5 5 5 5 5 5 5 5 5 5 5 5 5 5 5 5 5 5 5 5 5 5 5 5 5 5 5 5 5 5 5 5 5 5 5 5 5 5 5 5 5 5 5 5 5 5 5 5 5 5 5 5 5 5 5 5 5 5 5 5 5 5 5 5 5 5 5 5 5 5 5 5 5 5 5 5 5 5 5 5 5 5 5 5 5 5 5 5 5 5 5 5 
5.75
12.22

1 1 3 2 3 3 2 2 3 3 1 1 3 2 2 2 1 0 3 3 3 3 2 3 2 2 2 2 1 0 3 3 3 3 3 3 1 0 1 1 1 1 3 2 0 1 3 3 3 2 3 2 3 3 1 1 1 4 5 5 5 5 5 5 5 5 5 5 5 5 5 5 5 5 5 5 5 5 5 5 5 5 5 5 5 5 5 5 5 5 5 5 5 5 5 5 5 5 5 5 5 5 5 5 5 5 5 5 5 5 5 5 5 5 5 5 5 5 5 5 5 5 5 5 5 5 5 5 5 5 5 5 5 5 5 5 5 5 5 5 5 5 5 5 5 5 5 5 5 5 5 5 5 5 5 5 5 5 5 5 5 5 5 5 5 5 5 5 5 5 5 5 5 5 5 5 5 5 5 5 5 5 5 5 5 5 5 5 5 5 5 5 5 5 5 5 5 5 5 5 5 5 5 5 5 5 5 5 5 5 5 5 5 5 5 5 5 5 5 5 5 5 5 5 5 5 5 5 5 5 5 5 5 5 5 5 5 5 5 5 5 5 5 5 5 5 5 5 5 5 5 5 5 5 5 5 5 5 5 5 5 5 5 5 5 5 5 5 5 5 5 5 5 5 5 5 5 5 5 5 5 5 5 5 5 5 5 5 5 5 5 5 5 5 5 5 5 5 5 5 
5.79
13.26

1 1 3 2 3 3 2 2 3 3 1 1 3 2 2 2 1 0 1 0 1 0 3 2 1 1 0 0 1 1 0 0 1 0 1 0 1 0 1 0 1 0 1 0 1 0 3 2 1 0 3 3 0 1 3 3 3 3 2 3 2 3 1 1 1 1 3 2 0 1 3 2 3 3 3 3 2 3 1 0 1 1 4 5 5 5 5 5 5 5 5 5 5 5 5 5 5 5 5 5 5 5 5 5 5 5 5 5 5 5 5 5 5 5 5 5 5 5 5 5 5 5 5 5 5 5 5 5 5 5 5 5 5 5 5 5 5 5 5 5 5 5 5 5 5 5 5 5 5 5 5 5 5 5 5 5 5 5 5 5 5 5 5 5 5 5 5 5 5 5 5 5 5 5 5 5 5 5 5 5 5 5 5 5 5 5 5 5 5 5 5 5 5 5 5 5 5 5 5 5 5 5 5 5 5 5 5 5 5 5 5 5 5 5 5 5 5 5 5 5 5 5 5 5 5 5 5 5 5 5 5 5 5 5 5 5 5 5 5 5 5 5 5 5 5 5 5 5 5 5 5 5 5 5 5 5 5 5 5 5 5 5 5 5 5 5 5 5 5 5 5 5 5 5 5 5 5 5 5 5 5 5 5 5 5 5 5 5 5 5 5 5 5 5 5 5 5 5 5 5 
5.87
12.76

1 1 3 2 3 3 2 2 3 3 1 1 3 2 2 2 1 0 1 0 1 0 3 2 1 1 0 0 1 1 0 0 1 0 1 0 1 0 1 0 1 0 1 0 1 0 3 3 3 2 3 3 3 3 2 3 1 1 1 1 3 2 3 3 3 2 2 2 3 3 3 3 1 1 1 4 5 5 5 5 5 5 5 5 5 5 5 5 5 5 5 5 5 5 5 5 5 5 5 5 5 5 5 5 5 5 5 5 5 5 5 5 5 5 5 5 5 5 5 5 5 5 5 5 5 5 5 5 5 5 5 5 5 5 5 5 5 5 5 5 5 5 5 5 5 5 5 5 5 5 5 5 5 5 5 5 5 5 5 5 5 5 5 5 5 5 5 5 5 5 5 5 5 5 5 5 5 5 5 5 5 5 5 5 5 5 5 5 5 5 5 5 5 5 5 5 5 5 5 5 5 5 5 5 5 5 5 5 5 5 5 5 5 5 5 5 5 5 5 5 5 5 5 5 5 5 5 5 5 5 5 5 5 5 5 5 5 5 5 5 5 5 5 5 5 5 5 5 5 5 5 5 5 5 5 5 5 5 5 5 5 5 5 5 5 5 5 5 5 5 5 5 5 5 5 5 5 5 5 5 5 5 5 5 5 5 5 5 5 5 5 5 5 5 5 5 5 5 5 5 
5.88
13.62

1 1 3 2 3 3 2 2 3 3 1 1 3 2 2 2 1 0 3 3 3 3 2 3 2 2 2 2 1 0 3 3 3 3 3 3 1 0 1 1 1 1 3 2 0 1 3 3 3 2 3 2 3 3 1 1 1 0 3 3 3 4 5 5 5 5 5 5 5 5 5 5 5 5 5 5 5 5 5 5 5 5 5 5 5 5 5 5 5 5 5 5 5 5 5 5 5 5 5 5 5 5 5 5 5 5 5 5 5 5 5 5 5 5 5 5 5 5 5 5 5 5 5 5 5 5 5 5 5 5 5 5 5 5 5 5 5 5 5 5 5 5 5 5 5 5 5 5 5 5 5 5 5 5 5 5 5 5 5 5 5 5 5 5 5 5 5 5 5 5 5 5 5 5 5 5 5 5 5 5 5 5 5 5 5 5 5 5 5 5 5 5 5 5 5 5 5 5 5 5 5 5 5 5 5 5 5 5 5 5 5 5 5 5 5 5 5 5 5 5 5 5 5 5 5 5 5 5 5 5 5 5 5 5 5 5 5 5 5 5 5 5 5 5 5 5 5 5 5 5 5 5 5 5 5 5 5 5 5 5 5 5 5 5 5 5 5 5 5 5 5 5 5 5 5 5 5 5 5 5 5 5 5 5 5 5 5 5 5 5 5 5 5 5 5 5 5 5 5 5 
5.94
15.58

1 1 3 2 3 3 2 2 3 3 1 1 3 2 2 2 1 0 3 3 3 3 2 3 2 2 2 2 1 0 3 3 3 3 3 3 1 0 1 1 1 1 3 2 0 1 3 3 3 2 3 2 3 3 1 1 1 0 3 3 3 4 5 5 5 5 5 5 5 5 5 5 5 5 5 5 5 5 5 5 5 5 5 5 5 5 5 5 5 5 5 5 5 5 5 5 5 5 5 5 5 5 5 5 5 5 5 5 5 5 5 5 5 5 5 5 5 5 5 5 5 5 5 5 5 5 5 5 5 5 5 5 5 5 5 5 5 5 5 5 5 5 5 5 5 5 5 5 5 5 5 5 5 5 5 5 5 5 5 5 5 5 5 5 5 5 5 5 5 5 5 5 5 5 5 5 5 5 5 5 5 5 5 5 5 5 5 5 5 5 5 5 5 5 5 5 5 5 5 5 5 5 5 5 5 5 5 5 5 5 5 5 5 5 5 5 5 5 5 5 5 5 5 5 5 5 5 5 5 5 5 5 5 5 5 5 5 5 5 5 5 5 5 5 5 5 5 5 5 5 5 5 5 5 5 5 5 5 5 5 5 5 5 5 5 5 5 5 5 5 5 5 5 5 5 5 5 5 5 5 5 5 5 5 5 5 5 5 5 5 5 5 5 5 5 5 5 5 5 5 
5.99
15.58

1 1 3 2 3 3 2 2 3 3 1 1 3 2 2 2 1 0 3 3 3 3 2 3 2 2 2 2 1 0 3 3 3 3 3 3 1 0 1 1 1 1 3 2 0 1 3 3 3 2 3 2 3 3 1 1 1 0 3 3 3 2 3 3 4 5 5 5 5 5 5 5 5 5 5 5 5 5 5 5 5 5 5 5 5 5 5 5 5 5 5 5 5 5 5 5 5 5 5 5 5 5 5 5 5 5 5 5 5 5 5 5 5 5 5 5 5 5 5 5 5 5 5 5 5 5 5 5 5 5 5 5 5 5 5 5 5 5 5 5 5 5 5 5 5 5 5 5 5 5 5 5 5 5 5 5 5 5 5 5 5 5 5 5 5 5 5 5 5 5 5 5 5 5 5 5 5 5 5 5 5 5 5 5 5 5 5 5 5 5 5 5 5 5 5 5 5 5 5 5 5 5 5 5 5 5 5 5 5 5 5 5 5 5 5 5 5 5 5 5 5 5 5 5 5 5 5 5 5 5 5 5 5 5 5 5 5 5 5 5 5 5 5 5 5 5 5 5 5 5 5 5 5 5 5 5 5 5 5 5 5 5 5 5 5 5 5 5 5 5 5 5 5 5 5 5 5 5 5 5 5 5 5 5 5 5 5 5 5 5 5 5 5 5 5 5 5 5 5 5 
6.04
16.72

1 1 3 2 3 3 2 2 3 3 1 1 3 2 2 2 1 0 3 3 3 3 2 3 2 2 2 2 1 0 3 3 3 3 3 3 1 0 1 1 1 1 3 2 0 1 3 3 3 2 3 2 3 3 1 1 1 0 3 3 3 2 3 3 2 3 3 4 5 5 5 5 5 5 5 5 5 5 5 5 5 5 5 5 5 5 5 5 5 5 5 5 5 5 5 5 5 5 5 5 5 5 5 5 5 5 5 5 5 5 5 5 5 5 5 5 5 5 5 5 5 5 5 5 5 5 5 5 5 5 5 5 5 5 5 5 5 5 5 5 5 5 5 5 5 5 5 5 5 5 5 5 5 5 5 5 5 5 5 5 5 5 5 5 5 5 5 5 5 5 5 5 5 5 5 5 5 5 5 5 5 5 5 5 5 5 5 5 5 5 5 5 5 5 5 5 5 5 5 5 5 5 5 5 5 5 5 5 5 5 5 5 5 5 5 5 5 5 5 5 5 5 5 5 5 5 5 5 5 5 5 5 5 5 5 5 5 5 5 5 5 5 5 5 5 5 5 5 5 5 5 5 5 5 5 5 5 5 5 5 5 5 5 5 5 5 5 5 5 5 5 5 5 5 5 5 5 5 5 5 5 5 5 5 5 5 5 5 5 5 5 5 5 5 5 5 5 5 5 5 
6.06
19.86

1 1 3 2 3 3 2 2 3 3 1 1 3 2 2 2 1 0 3 3 3 3 2 3 2 2 2 2 1 0 3 3 3 3 3 3 1 0 1 1 1 1 3 2 0 1 3 3 3 2 3 2 3 3 1 1 1 0 3 3 3 2 3 3 2 3 3 3 4 5 5 5 5 5 5 5 5 5 5 5 5 5 5 5 5 5 5 5 5 5 5 5 5 5 5 5 5 5 5 5 5 5 5 5 5 5 5 5 5 5 5 5 5 5 5 5 5 5 5 5 5 5 5 5 5 5 5 5 5 5 5 5 5 5 5 5 5 5 5 5 5 5 5 5 5 5 5 5 5 5 5 5 5 5 5 5 5 5 5 5 5 5 5 5 5 5 5 5 5 5 5 5 5 5 5 5 5 5 5 5 5 5 5 5 5 5 5 5 5 5 5 5 5 5 5 5 5 5 5 5 5 5 5 5 5 5 5 5 5 5 5 5 5 5 5 5 5 5 5 5 5 5 5 5 5 5 5 5 5 5 5 5 5 5 5 5 5 5 5 5 5 5 5 5 5 5 5 5 5 5 5 5 5 5 5 5 5 5 5 5 5 5 5 5 5 5 5 5 5 5 5 5 5 5 5 5 5 5 5 5 5 5 5 5 5 5 5 5 5 5 5 5 5 5 5 5 5 5 5 5 
6.11
16.96

1 1 3 2 3 3 2 2 3 3 1 1 3 2 2 2 1 0 1 0 1 0 3 2 1 1 0 0 1 1 0 0 1 0 1 0 1 0 1 0 1 0 1 0 1 0 3 2 1 0 3 3 0 1 3 3 3 3 2 3 2 3 1 1 1 1 3 2 0 1 3 2 3 3 3 3 2 3 1 0 1 1 0 1 1 0 3 2 1 1 3 3 3 2 2 2 4 5 5 5 5 5 5 5 5 5 5 5 5 5 5 5 5 5 5 5 5 5 5 5 5 5 5 5 5 5 5 5 5 5 5 5 5 5 5 5 5 5 5 5 5 5 5 5 5 5 5 5 5 5 5 5 5 5 5 5 5 5 5 5 5 5 5 5 5 5 5 5 5 5 5 5 5 5 5 5 5 5 5 5 5 5 5 5 5 5 5 5 5 5 5 5 5 5 5 5 5 5 5 5 5 5 5 5 5 5 5 5 5 5 5 5 5 5 5 5 5 5 5 5 5 5 5 5 5 5 5 5 5 5 5 5 5 5 5 5 5 5 5 5 5 5 5 5 5 5 5 5 5 5 5 5 5 5 5 5 5 5 5 5 5 5 5 5 5 5 5 5 5 5 5 5 5 5 5 5 5 5 5 5 5 5 5 5 5 5 5 5 5 5 5 5 5 5 5 5 5 5 5 5 
6.15
15.76

1 1 3 2 3 3 2 2 3 3 1 1 3 2 2 2 1 0 3 3 3 3 2 3 2 2 2 2 1 0 3 3 3 3 3 3 1 0 1 1 1 1 3 2 0 1 3 3 3 2 3 2 3 3 1 1 1 0 3 3 3 2 3 3 2 3 3 3 0 1 2 3 2 2 2 2 2 4 5 5 5 5 5 5 5 5 5 5 5 5 5 5 5 5 5 5 5 5 5 5 5 5 5 5 5 5 5 5 5 5 5 5 5 5 5 5 5 5 5 5 5 5 5 5 5 5 5 5 5 5 5 5 5 5 5 5 5 5 5 5 5 5 5 5 5 5 5 5 5 5 5 5 5 5 5 5 5 5 5 5 5 5 5 5 5 5 5 5 5 5 5 5 5 5 5 5 5 5 5 5 5 5 5 5 5 5 5 5 5 5 5 5 5 5 5 5 5 5 5 5 5 5 5 5 5 5 5 5 5 5 5 5 5 5 5 5 5 5 5 5 5 5 5 5 5 5 5 5 5 5 5 5 5 5 5 5 5 5 5 5 5 5 5 5 5 5 5 5 5 5 5 5 5 5 5 5 5 5 5 5 5 5 5 5 5 5 5 5 5 5 5 5 5 5 5 5 5 5 5 5 5 5 5 5 5 5 5 5 5 5 5 5 5 5 5 5 5 5 5 5 
6.19
14.62

1 1 3 2 3 3 2 2 3 3 1 1 3 2 2 2 1 0 3 3 3 3 2 3 2 2 2 2 1 0 3 3 3 3 3 3 1 0 1 1 1 1 3 2 0 1 3 3 3 2 3 2 3 3 1 1 1 0 3 3 3 2 3 3 2 3 3 3 0 1 2 3 2 2 2 2 2 3 3 3 4 5 5 5 5 5 5 5 5 5 5 5 5 5 5 5 5 5 5 5 5 5 5 5 5 5 5 5 5 5 5 5 5 5 5 5 5 5 5 5 5 5 5 5 5 5 5 5 5 5 5 5 5 5 5 5 5 5 5 5 5 5 5 5 5 5 5 5 5 5 5 5 5 5 5 5 5 5 5 5 5 5 5 5 5 5 5 5 5 5 5 5 5 5 5 5 5 5 5 5 5 5 5 5 5 5 5 5 5 5 5 5 5 5 5 5 5 5 5 5 5 5 5 5 5 5 5 5 5 5 5 5 5 5 5 5 5 5 5 5 5 5 5 5 5 5 5 5 5 5 5 5 5 5 5 5 5 5 5 5 5 5 5 5 5 5 5 5 5 5 5 5 5 5 5 5 5 5 5 5 5 5 5 5 5 5 5 5 5 5 5 5 5 5 5 5 5 5 5 5 5 5 5 5 5 5 5 5 5 5 5 5 5 5 5 5 5 5 5 5 
6.24
17.84

1 1 3 2 3 3 2 2 3 3 1 1 3 2 2 2 1 0 3 3 3 3 2 3 2 2 2 2 1 0 3 3 3 3 3 3 1 0 1 1 1 1 3 2 0 1 3 3 3 2 3 2 3 3 1 1 1 0 3 3 3 2 3 3 2 3 3 3 0 1 2 3 2 2 2 2 2 3 3 3 4 5 5 5 5 5 5 5 5 5 5 5 5 5 5 5 5 5 5 5 5 5 5 5 5 5 5 5 5 5 5 5 5 5 5 5 5 5 5 5 5 5 5 5 5 5 5 5 5 5 5 5 5 5 5 5 5 5 5 5 5 5 5 5 5 5 5 5 5 5 5 5 5 5 5 5 5 5 5 5 5 5 5 5 5 5 5 5 5 5 5 5 5 5 5 5 5 5 5 5 5 5 5 5 5 5 5 5 5 5 5 5 5 5 5 5 5 5 5 5 5 5 5 5 5 5 5 5 5 5 5 5 5 5 5 5 5 5 5 5 5 5 5 5 5 5 5 5 5 5 5 5 5 5 5 5 5 5 5 5 5 5 5 5 5 5 5 5 5 5 5 5 5 5 5 5 5 5 5 5 5 5 5 5 5 5 5 5 5 5 5 5 5 5 5 5 5 5 5 5 5 5 5 5 5 5 5 5 5 5 5 5 5 5 5 5 5 5 5 5 
6.28
17.84

1 1 3 2 3 3 2 2 3 3 1 1 3 2 2 2 1 0 3 3 3 3 2 3 2 2 2 2 1 0 3 3 3 3 3 3 1 0 1 1 1 1 3 2 0 1 3 3 3 2 3 2 3 3 1 1 1 0 3 3 3 2 3 3 2 3 3 3 0 1 2 3 2 2 2 2 2 3 3 3 2 4 5 5 5 5 5 5 5 5 5 5 5 5 5 5 5 5 5 5 5 5 5 5 5 5 5 5 5 5 5 5 5 5 5 5 5 5 5 5 5 5 5 5 5 5 5 5 5 5 5 5 5 5 5 5 5 5 5 5 5 5 5 5 5 5 5 5 5 5 5 5 5 5 5 5 5 5 5 5 5 5 5 5 5 5 5 5 5 5 5 5 5 5 5 5 5 5 5 5 5 5 5 5 5 5 5 5 5 5 5 5 5 5 5 5 5 5 5 5 5 5 5 5 5 5 5 5 5 5 5 5 5 5 5 5 5 5 5 5 5 5 5 5 5 5 5 5 5 5 5 5 5 5 5 5 5 5 5 5 5 5 5 5 5 5 5 5 5 5 5 5 5 5 5 5 5 5 5 5 5 5 5 5 5 5 5 5 5 5 5 5 5 5 5 5 5 5 5 5 5 5 5 5 5 5 5 5 5 5 5 5 5 5 5 5 5 5 5 5 
6.29
16.86

1 1 3 2 3 3 2 2 3 3 1 1 3 2 2 2 1 0 3 3 3 3 2 3 2 2 2 2 1 0 3 3 3 3 3 3 1 0 1 1 1 1 3 2 0 1 3 3 3 2 3 2 3 3 1 1 1 0 3 3 3 2 3 3 2 3 3 3 0 1 2 3 2 2 2 2 2 3 3 3 2 3 2 3 2 2 2 3 4 5 5 5 5 5 5 5 5 5 5 5 5 5 5 5 5 5 5 5 5 5 5 5 5 5 5 5 5 5 5 5 5 5 5 5 5 5 5 5 5 5 5 5 5 5 5 5 5 5 5 5 5 5 5 5 5 5 5 5 5 5 5 5 5 5 5 5 5 5 5 5 5 5 5 5 5 5 5 5 5 5 5 5 5 5 5 5 5 5 5 5 5 5 5 5 5 5 5 5 5 5 5 5 5 5 5 5 5 5 5 5 5 5 5 5 5 5 5 5 5 5 5 5 5 5 5 5 5 5 5 5 5 5 5 5 5 5 5 5 5 5 5 5 5 5 5 5 5 5 5 5 5 5 5 5 5 5 5 5 5 5 5 5 5 5 5 5 5 5 5 5 5 5 5 5 5 5 5 5 5 5 5 5 5 5 5 5 5 5 5 5 5 5 5 5 5 5 5 5 5 5 5 5 5 5 5 5 5 5 5 5 
6.35
16.16

1 1 3 2 3 3 2 2 3 3 1 1 3 2 2 2 1 0 3 3 3 3 2 3 2 2 2 2 1 0 3 3 3 3 3 3 1 0 1 1 1 1 3 2 0 1 3 3 3 2 3 2 3 3 1 1 1 0 3 3 3 2 3 3 2 3 3 3 0 1 2 3 2 2 2 2 2 3 3 3 2 3 2 3 2 2 2 3 4 5 5 5 5 5 5 5 5 5 5 5 5 5 5 5 5 5 5 5 5 5 5 5 5 5 5 5 5 5 5 5 5 5 5 5 5 5 5 5 5 5 5 5 5 5 5 5 5 5 5 5 5 5 5 5 5 5 5 5 5 5 5 5 5 5 5 5 5 5 5 5 5 5 5 5 5 5 5 5 5 5 5 5 5 5 5 5 5 5 5 5 5 5 5 5 5 5 5 5 5 5 5 5 5 5 5 5 5 5 5 5 5 5 5 5 5 5 5 5 5 5 5 5 5 5 5 5 5 5 5 5 5 5 5 5 5 5 5 5 5 5 5 5 5 5 5 5 5 5 5 5 5 5 5 5 5 5 5 5 5 5 5 5 5 5 5 5 5 5 5 5 5 5 5 5 5 5 5 5 5 5 5 5 5 5 5 5 5 5 5 5 5 5 5 5 5 5 5 5 5 5 5 5 5 5 5 5 5 5 5 5 
6.36
16.16

1 1 3 2 3 3 2 2 3 3 1 1 3 2 2 2 1 0 3 3 3 3 2 3 2 2 2 2 1 0 3 3 3 3 3 3 1 0 1 1 1 1 3 2 0 1 3 3 3 2 3 2 3 3 1 1 1 0 3 3 3 2 3 3 2 3 3 3 0 1 2 3 2 2 2 2 2 3 3 3 2 3 2 3 2 2 2 3 3 3 4 5 5 5 5 5 5 5 5 5 5 5 5 5 5 5 5 5 5 5 5 5 5 5 5 5 5 5 5 5 5 5 5 5 5 5 5 5 5 5 5 5 5 5 5 5 5 5 5 5 5 5 5 5 5 5 5 5 5 5 5 5 5 5 5 5 5 5 5 5 5 5 5 5 5 5 5 5 5 5 5 5 5 5 5 5 5 5 5 5 5 5 5 5 5 5 5 5 5 5 5 5 5 5 5 5 5 5 5 5 5 5 5 5 5 5 5 5 5 5 5 5 5 5 5 5 5 5 5 5 5 5 5 5 5 5 5 5 5 5 5 5 5 5 5 5 5 5 5 5 5 5 5 5 5 5 5 5 5 5 5 5 5 5 5 5 5 5 5 5 5 5 5 5 5 5 5 5 5 5 5 5 5 5 5 5 5 5 5 5 5 5 5 5 5 5 5 5 5 5 5 5 5 5 5 5 5 5 5 5 
6.43
18.36

1 1 3 2 3 3 2 2 3 3 1 1 3 2 2 2 1 0 3 3 3 3 2 3 2 2 2 2 1 0 3 3 3 3 3 3 1 0 1 1 1 1 3 2 0 1 3 3 3 2 3 2 3 3 1 1 1 0 3 3 3 2 3 3 2 3 3 3 0 1 2 3 2 2 2 2 2 3 3 3 2 3 2 3 2 2 2 3 3 3 4 5 5 5 5 5 5 5 5 5 5 5 5 5 5 5 5 5 5 5 5 5 5 5 5 5 5 5 5 5 5 5 5 5 5 5 5 5 5 5 5 5 5 5 5 5 5 5 5 5 5 5 5 5 5 5 5 5 5 5 5 5 5 5 5 5 5 5 5 5 5 5 5 5 5 5 5 5 5 5 5 5 5 5 5 5 5 5 5 5 5 5 5 5 5 5 5 5 5 5 5 5 5 5 5 5 5 5 5 5 5 5 5 5 5 5 5 5 5 5 5 5 5 5 5 5 5 5 5 5 5 5 5 5 5 5 5 5 5 5 5 5 5 5 5 5 5 5 5 5 5 5 5 5 5 5 5 5 5 5 5 5 5 5 5 5 5 5 5 5 5 5 5 5 5 5 5 5 5 5 5 5 5 5 5 5 5 5 5 5 5 5 5 5 5 5 5 5 5 5 5 5 5 5 5 5 5 5 5 5 
6.44
18.36

1 1 3 2 3 3 2 2 3 3 1 1 3 2 2 2 1 0 3 3 3 3 2 3 2 2 2 2 1 0 3 3 3 3 3 3 1 0 1 1 1 1 3 2 0 1 3 3 3 2 3 2 3 3 1 1 1 0 3 3 3 2 3 3 2 3 3 3 0 1 2 3 2 2 2 2 2 3 3 3 2 3 2 3 2 2 2 3 3 3 4 5 5 5 5 5 5 5 5 5 5 5 5 5 5 5 5 5 5 5 5 5 5 5 5 5 5 5 5 5 5 5 5 5 5 5 5 5 5 5 5 5 5 5 5 5 5 5 5 5 5 5 5 5 5 5 5 5 5 5 5 5 5 5 5 5 5 5 5 5 5 5 5 5 5 5 5 5 5 5 5 5 5 5 5 5 5 5 5 5 5 5 5 5 5 5 5 5 5 5 5 5 5 5 5 5 5 5 5 5 5 5 5 5 5 5 5 5 5 5 5 5 5 5 5 5 5 5 5 5 5 5 5 5 5 5 5 5 5 5 5 5 5 5 5 5 5 5 5 5 5 5 5 5 5 5 5 5 5 5 5 5 5 5 5 5 5 5 5 5 5 5 5 5 5 5 5 5 5 5 5 5 5 5 5 5 5 5 5 5 5 5 5 5 5 5 5 5 5 5 5 5 5 5 5 5 5 5 5 5 
6.51
18.36

1 1 3 2 3 3 2 2 3 3 1 1 3 2 2 2 1 0 3 3 3 3 2 3 2 2 2 2 1 0 3 3 3 3 3 3 1 0 1 1 1 1 3 2 0 1 3 3 3 2 3 2 3 3 1 1 1 0 3 3 3 2 3 3 2 3 3 3 0 1 2 3 2 2 2 2 2 3 3 3 2 3 2 3 2 2 2 3 3 3 3 4 5 5 5 5 5 5 5 5 5 5 5 5 5 5 5 5 5 5 5 5 5 5 5 5 5 5 5 5 5 5 5 5 5 5 5 5 5 5 5 5 5 5 5 5 5 5 5 5 5 5 5 5 5 5 5 5 5 5 5 5 5 5 5 5 5 5 5 5 5 5 5 5 5 5 5 5 5 5 5 5 5 5 5 5 5 5 5 5 5 5 5 5 5 5 5 5 5 5 5 5 5 5 5 5 5 5 5 5 5 5 5 5 5 5 5 5 5 5 5 5 5 5 5 5 5 5 5 5 5 5 5 5 5 5 5 5 5 5 5 5 5 5 5 5 5 5 5 5 5 5 5 5 5 5 5 5 5 5 5 5 5 5 5 5 5 5 5 5 5 5 5 5 5 5 5 5 5 5 5 5 5 5 5 5 5 5 5 5 5 5 5 5 5 5 5 5 5 5 5 5 5 5 5 5 5 5 5 5 
6.57
21.46

1 1 3 2 3 3 2 2 3 3 1 1 3 2 2 2 1 0 3 3 3 3 2 3 2 2 2 2 1 0 3 3 3 3 3 3 1 0 1 1 1 1 3 2 0 1 3 3 3 2 3 2 3 3 1 1 1 0 3 3 3 2 3 3 2 3 3 3 0 1 2 3 2 2 2 2 2 3 3 3 2 3 2 3 2 2 2 3 3 3 3 3 4 5 5 5 5 5 5 5 5 5 5 5 5 5 5 5 5 5 5 5 5 5 5 5 5 5 5 5 5 5 5 5 5 5 5 5 5 5 5 5 5 5 5 5 5 5 5 5 5 5 5 5 5 5 5 5 5 5 5 5 5 5 5 5 5 5 5 5 5 5 5 5 5 5 5 5 5 5 5 5 5 5 5 5 5 5 5 5 5 5 5 5 5 5 5 5 5 5 5 5 5 5 5 5 5 5 5 5 5 5 5 5 5 5 5 5 5 5 5 5 5 5 5 5 5 5 5 5 5 5 5 5 5 5 5 5 5 5 5 5 5 5 5 5 5 5 5 5 5 5 5 5 5 5 5 5 5 5 5 5 5 5 5 5 5 5 5 5 5 5 5 5 5 5 5 5 5 5 5 5 5 5 5 5 5 5 5 5 5 5 5 5 5 5 5 5 5 5 5 5 5 5 5 5 5 5 5 5 
6.58
18.56

1 1 3 2 3 3 2 2 3 3 1 1 3 2 2 2 1 0 1 0 1 0 3 2 1 1 0 0 1 1 0 0 1 0 1 0 1 0 1 0 1 0 1 0 1 0 3 2 1 0 3 2 3 2 3 3 3 3 3 3 2 3 2 3 1 0 1 1 1 1 3 2 0 1 3 3 3 2 3 2 2 2 0 1 3 3 3 3 1 0 2 2 3 2 3 2 3 3 1 1 1 0 1 0 3 2 0 0 3 2 1 1 1 0 1 1 3 3 3 3 4 5 5 5 5 5 5 5 5 5 5 5 5 5 5 5 5 5 5 5 5 5 5 5 5 5 5 5 5 5 5 5 5 5 5 5 5 5 5 5 5 5 5 5 5 5 5 5 5 5 5 5 5 5 5 5 5 5 5 5 5 5 5 5 5 5 5 5 5 5 5 5 5 5 5 5 5 5 5 5 5 5 5 5 5 5 5 5 5 5 5 5 5 5 5 5 5 5 5 5 5 5 5 5 5 5 5 5 5 5 5 5 5 5 5 5 5 5 5 5 5 5 5 5 5 5 5 5 5 5 5 5 5 5 5 5 5 5 5 5 5 5 5 5 5 5 5 5 5 5 5 5 5 5 5 5 5 5 5 5 5 5 5 5 5 5 5 5 5 5 5 5 5 5 5 5 5 5 5 5 
6.61
25.28

1 1 3 2 3 3 2 2 3 3 1 1 3 2 2 2 1 0 1 0 1 0 3 2 1 1 0 0 1 1 0 0 1 0 1 0 1 0 1 0 1 0 1 0 1 0 3 2 1 0 3 2 3 2 3 3 3 3 3 3 2 3 2 3 1 0 1 1 1 1 3 2 0 1 3 3 3 2 3 2 2 2 0 1 3 3 3 3 1 0 2 2 3 2 3 2 3 3 1 1 1 0 1 0 3 2 0 0 3 2 1 1 1 0 1 1 3 3 3 3 2 2 1 1 1 4 5 5 5 5 5 5 5 5 5 5 5 5 5 5 5 5 5 5 5 5 5 5 5 5 5 5 5 5 5 5 5 5 5 5 5 5 5 5 5 5 5 5 5 5 5 5 5 5 5 5 5 5 5 5 5 5 5 5 5 5 5 5 5 5 5 5 5 5 5 5 5 5 5 5 5 5 5 5 5 5 5 5 5 5 5 5 5 5 5 5 5 5 5 5 5 5 5 5 5 5 5 5 5 5 5 5 5 5 5 5 5 5 5 5 5 5 5 5 5 5 5 5 5 5 5 5 5 5 5 5 5 5 5 5 5 5 5 5 5 5 5 5 5 5 5 5 5 5 5 5 5 5 5 5 5 5 5 5 5 5 5 5 5 5 5 5 5 5 5 5 5 5 5 5 
13.41
29.70

1 1 3 2 3 3 2 2 3 3 1 1 3 2 2 2 1 0 1 0 1 0 3 2 1 1 0 0 1 1 0 0 1 0 1 0 1 0 1 0 1 0 1 0 1 0 3 2 1 0 3 2 3 2 3 3 3 3 3 3 2 3 2 3 1 0 1 1 1 1 3 2 0 1 3 3 3 2 3 2 2 2 0 1 3 3 3 3 1 0 2 2 3 2 3 2 3 3 1 1 1 0 1 0 3 2 0 0 3 2 1 1 1 0 1 1 3 3 3 3 2 2 2 3 1 1 1 4 5 5 5 5 5 5 5 5 5 5 5 5 5 5 5 5 5 5 5 5 5 5 5 5 5 5 5 5 5 5 5 5 5 5 5 5 5 5 5 5 5 5 5 5 5 5 5 5 5 5 5 5 5 5 5 5 5 5 5 5 5 5 5 5 5 5 5 5 5 5 5 5 5 5 5 5 5 5 5 5 5 5 5 5 5 5 5 5 5 5 5 5 5 5 5 5 5 5 5 5 5 5 5 5 5 5 5 5 5 5 5 5 5 5 5 5 5 5 5 5 5 5 5 5 5 5 5 5 5 5 5 5 5 5 5 5 5 5 5 5 5 5 5 5 5 5 5 5 5 5 5 5 5 5 5 5 5 5 5 5 5 5 5 5 5 5 5 5 5 5 5 5 
13.48
29.82

1 1 3 2 3 3 2 2 3 3 1 1 3 2 2 2 1 0 1 0 1 0 3 2 1 1 0 0 1 1 0 0 1 0 1 0 1 0 1 0 1 0 1 0 1 0 3 2 1 0 3 2 3 2 3 3 3 3 3 3 2 3 2 3 1 0 1 1 1 1 3 2 0 1 3 3 3 2 3 2 2 2 0 1 3 3 3 3 1 0 2 2 3 2 3 2 3 3 1 1 1 0 1 0 3 2 0 0 3 2 1 1 1 0 1 1 3 3 3 3 2 2 2 3 1 0 1 1 1 0 0 1 1 1 0 4 5 5 5 5 5 5 5 5 5 5 5 5 5 5 5 5 5 5 5 5 5 5 5 5 5 5 5 5 5 5 5 5 5 5 5 5 5 5 5 5 5 5 5 5 5 5 5 5 5 5 5 5 5 5 5 5 5 5 5 5 5 5 5 5 5 5 5 5 5 5 5 5 5 5 5 5 5 5 5 5 5 5 5 5 5 5 5 5 5 5 5 5 5 5 5 5 5 5 5 5 5 5 5 5 5 5 5 5 5 5 5 5 5 5 5 5 5 5 5 5 5 5 5 5 5 5 5 5 5 5 5 5 5 5 5 5 5 5 5 5 5 5 5 5 5 5 5 5 5 5 5 5 5 5 5 5 5 5 5 5 5 5 5 5 
13.51
30.22

1 1 3 2 3 3 2 2 3 3 1 1 3 2 2 2 1 0 1 0 1 0 3 2 1 1 0 0 1 1 0 0 1 0 1 0 1 0 1 0 1 0 1 0 1 0 3 2 1 0 3 2 3 2 3 3 3 3 3 3 2 3 2 3 1 0 1 1 1 1 3 2 0 1 3 3 3 2 3 2 2 2 0 1 3 3 3 3 1 0 2 2 3 2 3 2 3 3 1 1 1 0 1 0 3 2 0 0 3 2 1 1 1 0 1 1 3 3 3 3 2 2 1 1 1 1 1 0 1 1 0 0 0 4 5 5 5 5 5 5 5 5 5 5 5 5 5 5 5 5 5 5 5 5 5 5 5 5 5 5 5 5 5 5 5 5 5 5 5 5 5 5 5 5 5 5 5 5 5 5 5 5 5 5 5 5 5 5 5 5 5 5 5 5 5 5 5 5 5 5 5 5 5 5 5 5 5 5 5 5 5 5 5 5 5 5 5 5 5 5 5 5 5 5 5 5 5 5 5 5 5 5 5 5 5 5 5 5 5 5 5 5 5 5 5 5 5 5 5 5 5 5 5 5 5 5 5 5 5 5 5 5 5 5 5 5 5 5 5 5 5 5 5 5 5 5 5 5 5 5 5 5 5 5 5 5 5 5 5 5 5 5 5 5 5 5 5 5 5 5 
13.49
30.26

1 1 3 2 3 3 2 2 3 3 1 1 3 2 2 2 1 0 1 0 1 0 3 2 1 1 0 0 1 1 0 0 1 0 1 0 1 0 1 0 1 0 1 0 1 0 3 2 1 0 3 2 3 2 3 3 3 3 3 3 2 3 2 3 1 0 1 1 1 1 3 2 0 1 3 3 3 2 3 2 2 2 0 1 3 3 3 3 1 0 2 2 3 2 3 2 3 3 1 1 1 0 1 0 3 2 0 0 3 2 1 1 1 0 1 1 3 3 3 3 2 2 1 0 3 2 3 2 1 0 1 1 2 3 1 0 1 0 1 4 5 5 5 5 5 5 5 5 5 5 5 5 5 5 5 5 5 5 5 5 5 5 5 5 5 5 5 5 5 5 5 5 5 5 5 5 5 5 5 5 5 5 5 5 5 5 5 5 5 5 5 5 5 5 5 5 5 5 5 5 5 5 5 5 5 5 5 5 5 5 5 5 5 5 5 5 5 5 5 5 5 5 5 5 5 5 5 5 5 5 5 5 5 5 5 5 5 5 5 5 5 5 5 5 5 5 5 5 5 5 5 5 5 5 5 5 5 5 5 5 5 5 5 5 5 5 5 5 5 5 5 5 5 5 5 5 5 5 5 5 5 5 5 5 5 5 5 5 5 5 5 5 5 5 5 5 5 5 5 5 
13.46
30.22

1 1 3 2 3 3 2 2 3 3 1 1 3 2 2 2 1 0 1 0 1 0 3 2 1 1 0 0 1 1 0 0 1 0 1 0 1 0 1 0 1 0 1 0 1 0 3 2 1 0 3 2 3 2 3 3 3 3 3 3 2 3 2 3 1 0 1 1 1 1 3 2 0 1 3 3 3 2 3 2 2 2 0 1 3 3 3 3 1 0 2 2 3 2 3 2 3 3 1 1 1 0 1 0 3 2 0 0 3 2 1 1 1 0 1 1 3 3 3 3 2 2 1 0 3 2 3 2 1 0 1 1 2 3 1 0 1 0 1 4 5 5 5 5 5 5 5 5 5 5 5 5 5 5 5 5 5 5 5 5 5 5 5 5 5 5 5 5 5 5 5 5 5 5 5 5 5 5 5 5 5 5 5 5 5 5 5 5 5 5 5 5 5 5 5 5 5 5 5 5 5 5 5 5 5 5 5 5 5 5 5 5 5 5 5 5 5 5 5 5 5 5 5 5 5 5 5 5 5 5 5 5 5 5 5 5 5 5 5 5 5 5 5 5 5 5 5 5 5 5 5 5 5 5 5 5 5 5 5 5 5 5 5 5 5 5 5 5 5 5 5 5 5 5 5 5 5 5 5 5 5 5 5 5 5 5 5 5 5 5 5 5 5 5 5 5 5 5 5 5 
13.46
30.22

1 1 3 2 3 3 2 2 3 3 1 1 3 2 2 2 1 0 1 0 1 0 3 2 1 1 0 0 1 1 0 0 1 0 1 0 1 0 1 0 1 0 1 0 1 0 3 2 1 0 3 2 3 2 3 3 3 3 3 3 2 3 2 3 1 0 1 1 1 1 3 2 0 1 3 3 3 2 3 2 2 2 0 1 3 3 3 3 1 0 2 2 3 2 3 2 3 3 1 1 1 0 1 0 3 2 0 0 3 2 1 1 1 0 1 1 3 3 3 3 2 3 2 2 2 2 0 1 3 3 1 1 1 4 5 5 5 5 5 5 5 5 5 5 5 5 5 5 5 5 5 5 5 5 5 5 5 5 5 5 5 5 5 5 5 5 5 5 5 5 5 5 5 5 5 5 5 5 5 5 5 5 5 5 5 5 5 5 5 5 5 5 5 5 5 5 5 5 5 5 5 5 5 5 5 5 5 5 5 5 5 5 5 5 5 5 5 5 5 5 5 5 5 5 5 5 5 5 5 5 5 5 5 5 5 5 5 5 5 5 5 5 5 5 5 5 5 5 5 5 5 5 5 5 5 5 5 5 5 5 5 5 5 5 5 5 5 5 5 5 5 5 5 5 5 5 5 5 5 5 5 5 5 5 5 5 5 5 5 5 5 5 5 5 5 5 5 5 5 5 
13.38
30.26

1 1 3 2 3 3 2 2 3 3 1 1 3 2 2 2 1 0 1 0 1 0 3 2 1 1 0 0 1 1 0 0 1 0 1 0 1 0 1 0 1 0 1 0 1 0 3 2 1 0 3 2 3 2 3 3 3 3 3 3 2 3 2 3 1 0 1 1 1 1 3 2 0 1 3 3 3 2 3 2 2 2 0 1 3 3 3 3 1 0 2 2 3 2 3 2 3 3 1 1 1 0 1 0 3 2 0 0 3 2 1 1 1 0 1 1 3 3 3 3 2 2 2 2 3 2 0 1 3 3 1 1 2 2 3 3 2 3 1 4 5 5 5 5 5 5 5 5 5 5 5 5 5 5 5 5 5 5 5 5 5 5 5 5 5 5 5 5 5 5 5 5 5 5 5 5 5 5 5 5 5 5 5 5 5 5 5 5 5 5 5 5 5 5 5 5 5 5 5 5 5 5 5 5 5 5 5 5 5 5 5 5 5 5 5 5 5 5 5 5 5 5 5 5 5 5 5 5 5 5 5 5 5 5 5 5 5 5 5 5 5 5 5 5 5 5 5 5 5 5 5 5 5 5 5 5 5 5 5 5 5 5 5 5 5 5 5 5 5 5 5 5 5 5 5 5 5 5 5 5 5 5 5 5 5 5 5 5 5 5 5 5 5 5 5 5 5 5 5 5 
13.34
30.62

1 1 3 2 3 3 2 2 3 3 1 1 3 2 2 2 1 0 1 0 1 0 3 2 1 1 0 0 1 1 0 0 1 0 1 0 1 0 1 0 1 0 1 0 1 0 3 2 1 0 3 2 3 2 3 3 3 3 3 3 2 3 2 3 1 0 1 1 1 1 3 2 0 1 3 3 3 2 3 2 2 2 0 1 3 3 3 3 1 0 2 2 3 2 3 2 3 3 1 1 1 0 1 0 3 2 0 0 3 2 1 1 1 0 1 1 3 3 3 3 2 2 1 1 2 2 2 2 3 3 2 3 3 3 1 4 5 5 5 5 5 5 5 5 5 5 5 5 5 5 5 5 5 5 5 5 5 5 5 5 5 5 5 5 5 5 5 5 5 5 5 5 5 5 5 5 5 5 5 5 5 5 5 5 5 5 5 5 5 5 5 5 5 5 5 5 5 5 5 5 5 5 5 5 5 5 5 5 5 5 5 5 5 5 5 5 5 5 5 5 5 5 5 5 5 5 5 5 5 5 5 5 5 5 5 5 5 5 5 5 5 5 5 5 5 5 5 5 5 5 5 5 5 5 5 5 5 5 5 5 5 5 5 5 5 5 5 5 5 5 5 5 5 5 5 5 5 5 5 5 5 5 5 5 5 5 5 5 5 5 5 5 5 5 5 5 5 5 5 5 
13.37
30.46

1 1 3 2 3 3 2 2 3 3 1 1 3 2 2 2 1 0 1 0 1 0 3 2 1 1 0 0 1 1 0 0 1 0 1 0 1 0 1 0 1 0 1 0 1 0 3 2 1 0 3 2 3 2 3 3 3 3 3 3 2 3 2 3 1 0 1 1 1 1 3 2 0 1 3 3 3 2 3 2 2 2 0 1 3 3 3 3 1 0 2 2 3 2 3 2 3 3 1 1 1 0 1 0 3 2 0 0 3 2 1 1 1 0 1 1 3 3 3 3 2 2 2 2 3 2 0 1 3 3 1 1 2 2 3 3 2 3 1 1 0 4 5 5 5 5 5 5 5 5 5 5 5 5 5 5 5 5 5 5 5 5 5 5 5 5 5 5 5 5 5 5 5 5 5 5 5 5 5 5 5 5 5 5 5 5 5 5 5 5 5 5 5 5 5 5 5 5 5 5 5 5 5 5 5 5 5 5 5 5 5 5 5 5 5 5 5 5 5 5 5 5 5 5 5 5 5 5 5 5 5 5 5 5 5 5 5 5 5 5 5 5 5 5 5 5 5 5 5 5 5 5 5 5 5 5 5 5 5 5 5 5 5 5 5 5 5 5 5 5 5 5 5 5 5 5 5 5 5 5 5 5 5 5 5 5 5 5 5 5 5 5 5 5 5 5 5 5 5 5 
13.32
30.74

1 1 3 2 3 3 2 2 3 3 1 1 3 2 2 2 1 0 1 0 1 0 3 2 1 1 0 0 1 1 0 0 1 0 1 0 1 0 1 0 1 0 1 0 1 0 3 2 1 0 3 2 3 2 3 3 3 3 3 3 2 3 2 3 1 0 1 1 1 1 3 2 0 1 3 3 3 2 3 2 2 2 0 1 3 3 3 3 1 0 2 2 3 2 3 2 3 3 1 1 1 0 1 0 3 2 0 0 3 2 1 1 1 0 1 1 3 3 3 3 2 3 2 2 1 1 1 0 0 1 1 1 1 0 1 0 0 0 0 1 1 4 5 5 5 5 5 5 5 5 5 5 5 5 5 5 5 5 5 5 5 5 5 5 5 5 5 5 5 5 5 5 5 5 5 5 5 5 5 5 5 5 5 5 5 5 5 5 5 5 5 5 5 5 5 5 5 5 5 5 5 5 5 5 5 5 5 5 5 5 5 5 5 5 5 5 5 5 5 5 5 5 5 5 5 5 5 5 5 5 5 5 5 5 5 5 5 5 5 5 5 5 5 5 5 5 5 5 5 5 5 5 5 5 5 5 5 5 5 5 5 5 5 5 5 5 5 5 5 5 5 5 5 5 5 5 5 5 5 5 5 5 5 5 5 5 5 5 5 5 5 5 5 5 5 5 5 5 5 5 
13.32
30.66

1 1 3 2 3 3 2 2 3 3 1 1 3 2 2 2 1 0 1 0 1 0 3 2 1 1 0 0 1 1 0 0 1 0 1 0 1 0 1 0 1 0 1 0 1 0 3 2 1 0 3 2 3 2 3 3 3 3 3 3 2 3 2 3 1 0 1 1 1 1 3 2 0 1 3 3 3 2 3 2 2 2 0 1 3 3 3 3 1 0 2 2 3 2 3 2 3 3 1 1 1 0 1 0 3 2 0 0 3 2 1 1 1 0 1 1 3 3 3 3 2 2 1 0 1 1 2 3 0 1 2 2 2 3 3 2 3 3 2 2 3 3 2 3 1 1 1 0 0 4 5 5 5 5 5 5 5 5 5 5 5 5 5 5 5 5 5 5 5 5 5 5 5 5 5 5 5 5 5 5 5 5 5 5 5 5 5 5 5 5 5 5 5 5 5 5 5 5 5 5 5 5 5 5 5 5 5 5 5 5 5 5 5 5 5 5 5 5 5 5 5 5 5 5 5 5 5 5 5 5 5 5 5 5 5 5 5 5 5 5 5 5 5 5 5 5 5 5 5 5 5 5 5 5 5 5 5 5 5 5 5 5 5 5 5 5 5 5 5 5 5 5 5 5 5 5 5 5 5 5 5 5 5 5 5 5 5 5 5 5 5 5 5 5 5 5 5 5 5 5 
13.29
31.14

1 1 3 2 3 3 2 2 3 3 1 1 3 2 2 2 1 0 1 0 1 0 3 2 1 1 0 0 1 1 0 0 1 0 1 0 1 0 1 0 1 0 1 0 1 0 3 2 1 0 3 2 3 2 3 3 3 3 3 3 2 3 2 3 1 0 1 1 1 1 3 2 0 1 3 3 3 2 3 2 2 2 0 1 3 3 3 3 1 0 2 2 3 2 3 2 3 3 1 1 1 0 1 0 3 2 0 0 3 2 1 1 1 0 1 1 3 3 3 3 2 2 1 0 1 1 2 3 0 1 2 2 2 3 3 2 3 3 2 2 3 3 2 3 1 1 1 0 0 4 5 5 5 5 5 5 5 5 5 5 5 5 5 5 5 5 5 5 5 5 5 5 5 5 5 5 5 5 5 5 5 5 5 5 5 5 5 5 5 5 5 5 5 5 5 5 5 5 5 5 5 5 5 5 5 5 5 5 5 5 5 5 5 5 5 5 5 5 5 5 5 5 5 5 5 5 5 5 5 5 5 5 5 5 5 5 5 5 5 5 5 5 5 5 5 5 5 5 5 5 5 5 5 5 5 5 5 5 5 5 5 5 5 5 5 5 5 5 5 5 5 5 5 5 5 5 5 5 5 5 5 5 5 5 5 5 5 5 5 5 5 5 5 5 5 5 5 5 5 5 
13.27
31.14

1 1 3 2 3 3 2 2 3 3 1 1 3 2 2 2 1 0 1 0 1 0 3 2 1 1 0 0 1 1 0 0 1 0 1 0 1 0 1 0 1 0 1 0 1 0 3 2 1 0 3 2 3 2 3 3 3 3 3 3 2 3 2 3 1 0 1 1 1 1 3 2 0 1 3 3 3 2 3 2 2 2 0 1 3 3 3 3 1 0 2 2 3 2 3 2 3 3 1 1 1 0 1 0 3 2 0 0 3 2 1 1 1 0 1 1 3 3 3 3 2 3 2 2 2 2 0 0 0 1 0 1 3 2 1 1 0 1 3 3 1 1 1 1 0 1 0 4 5 5 5 5 5 5 5 5 5 5 5 5 5 5 5 5 5 5 5 5 5 5 5 5 5 5 5 5 5 5 5 5 5 5 5 5 5 5 5 5 5 5 5 5 5 5 5 5 5 5 5 5 5 5 5 5 5 5 5 5 5 5 5 5 5 5 5 5 5 5 5 5 5 5 5 5 5 5 5 5 5 5 5 5 5 5 5 5 5 5 5 5 5 5 5 5 5 5 5 5 5 5 5 5 5 5 5 5 5 5 5 5 5 5 5 5 5 5 5 5 5 5 5 5 5 5 5 5 5 5 5 5 5 5 5 5 5 5 5 5 5 5 5 5 5 5 5 5 5 5 5 5 
13.24
31.02

1 1 3 2 3 3 2 2 3 3 1 1 3 2 2 2 1 0 1 0 1 0 3 2 1 1 0 0 1 1 0 0 1 0 1 0 1 0 1 0 1 0 1 0 1 0 3 2 1 0 3 2 3 2 3 3 3 3 3 3 2 3 2 3 1 0 1 1 1 1 3 2 0 1 3 3 3 2 3 2 2 2 0 1 3 3 3 3 1 0 2 2 3 2 3 2 3 3 1 1 1 0 1 0 3 2 0 0 3 2 1 1 1 0 1 1 3 3 3 3 2 2 1 1 1 1 1 1 1 1 0 0 2 2 3 3 0 1 2 3 0 0 0 4 5 5 5 5 5 5 5 5 5 5 5 5 5 5 5 5 5 5 5 5 5 5 5 5 5 5 5 5 5 5 5 5 5 5 5 5 5 5 5 5 5 5 5 5 5 5 5 5 5 5 5 5 5 5 5 5 5 5 5 5 5 5 5 5 5 5 5 5 5 5 5 5 5 5 5 5 5 5 5 5 5 5 5 5 5 5 5 5 5 5 5 5 5 5 5 5 5 5 5 5 5 5 5 5 5 5 5 5 5 5 5 5 5 5 5 5 5 5 5 5 5 5 5 5 5 5 5 5 5 5 5 5 5 5 5 5 5 5 5 5 5 5 5 5 5 5 5 5 5 5 5 5 5 5 5 5 
13.27
31.18

1 1 3 2 3 3 2 2 3 3 1 1 3 2 2 2 1 0 1 0 1 0 3 2 1 1 0 0 1 1 0 0 1 0 1 0 1 0 1 0 1 0 1 0 1 0 3 2 1 0 3 2 3 2 3 3 3 3 3 3 2 3 2 3 1 0 1 1 1 1 3 2 0 1 3 3 3 2 3 2 2 2 0 1 3 3 3 3 1 0 2 2 3 2 3 2 3 3 1 1 1 0 1 0 3 2 0 0 3 2 1 1 1 0 1 1 3 3 3 3 2 2 1 1 1 1 1 0 0 0 1 0 0 0 2 2 0 1 3 3 1 0 1 1 1 0 2 3 1 4 5 5 5 5 5 5 5 5 5 5 5 5 5 5 5 5 5 5 5 5 5 5 5 5 5 5 5 5 5 5 5 5 5 5 5 5 5 5 5 5 5 5 5 5 5 5 5 5 5 5 5 5 5 5 5 5 5 5 5 5 5 5 5 5 5 5 5 5 5 5 5 5 5 5 5 5 5 5 5 5 5 5 5 5 5 5 5 5 5 5 5 5 5 5 5 5 5 5 5 5 5 5 5 5 5 5 5 5 5 5 5 5 5 5 5 5 5 5 5 5 5 5 5 5 5 5 5 5 5 5 5 5 5 5 5 5 5 5 5 5 5 5 5 5 5 5 5 5 5 5 
13.26
31.46

1 1 3 2 3 3 2 2 3 3 1 1 3 2 2 2 1 0 1 0 1 0 3 2 1 1 0 0 1 1 0 0 1 0 1 0 1 0 1 0 1 0 1 0 1 0 3 2 1 0 3 2 3 2 3 3 3 3 3 3 2 3 2 3 1 0 1 1 1 1 3 2 0 1 3 3 3 2 3 2 2 2 0 1 3 3 3 3 1 0 2 2 3 2 3 2 3 3 1 1 1 0 1 0 3 2 0 0 3 2 1 1 1 0 1 1 3 3 3 3 2 2 1 1 0 1 1 0 2 2 2 2 3 3 3 3 0 0 3 3 2 2 2 2 3 3 2 3 1 0 3 2 2 3 1 1 2 3 0 1 0 1 1 4 5 5 5 5 5 5 5 5 5 5 5 5 5 5 5 5 5 5 5 5 5 5 5 5 5 5 5 5 5 5 5 5 5 5 5 5 5 5 5 5 5 5 5 5 5 5 5 5 5 5 5 5 5 5 5 5 5 5 5 5 5 5 5 5 5 5 5 5 5 5 5 5 5 5 5 5 5 5 5 5 5 5 5 5 5 5 5 5 5 5 5 5 5 5 5 5 5 5 5 5 5 5 5 5 5 5 5 5 5 5 5 5 5 5 5 5 5 5 5 5 5 5 5 5 5 5 5 5 5 5 5 5 5 5 5 5 
13.23
32.30

1 1 3 2 3 3 2 2 3 3 1 1 3 2 2 2 1 0 1 0 1 0 3 2 1 1 0 0 1 1 0 0 1 0 1 0 1 0 1 0 1 0 1 0 1 0 3 2 1 0 3 2 3 2 3 3 3 3 3 3 2 3 2 3 1 0 1 1 1 1 3 2 0 1 3 3 3 2 3 2 2 2 0 1 3 3 3 3 1 0 2 2 3 2 3 2 3 3 1 1 1 0 1 0 3 2 0 0 3 2 1 1 1 0 1 1 3 3 3 3 2 2 1 0 2 3 1 0 3 2 2 3 3 2 1 0 1 0 2 3 1 0 2 2 3 3 1 1 1 4 5 5 5 5 5 5 5 5 5 5 5 5 5 5 5 5 5 5 5 5 5 5 5 5 5 5 5 5 5 5 5 5 5 5 5 5 5 5 5 5 5 5 5 5 5 5 5 5 5 5 5 5 5 5 5 5 5 5 5 5 5 5 5 5 5 5 5 5 5 5 5 5 5 5 5 5 5 5 5 5 5 5 5 5 5 5 5 5 5 5 5 5 5 5 5 5 5 5 5 5 5 5 5 5 5 5 5 5 5 5 5 5 5 5 5 5 5 5 5 5 5 5 5 5 5 5 5 5 5 5 5 5 5 5 5 5 5 5 5 5 5 5 5 5 5 5 5 5 5 5 
13.24
31.14

1 1 3 2 3 3 2 2 3 3 1 1 3 2 2 2 1 0 1 0 1 0 3 2 1 1 0 0 1 1 0 0 1 0 1 0 1 0 1 0 1 0 1 0 1 0 3 2 1 0 3 2 3 2 3 3 3 3 3 3 2 3 2 3 1 0 1 1 1 1 3 2 0 1 3 3 3 2 3 2 2 2 0 1 3 3 3 3 1 0 2 2 3 2 3 2 3 3 1 1 1 0 1 0 3 2 0 0 3 2 1 1 1 0 1 1 3 3 3 3 2 2 1 1 2 3 0 0 1 0 3 2 3 2 2 3 3 2 2 3 3 2 2 2 0 1 3 3 1 0 1 1 1 4 5 5 5 5 5 5 5 5 5 5 5 5 5 5 5 5 5 5 5 5 5 5 5 5 5 5 5 5 5 5 5 5 5 5 5 5 5 5 5 5 5 5 5 5 5 5 5 5 5 5 5 5 5 5 5 5 5 5 5 5 5 5 5 5 5 5 5 5 5 5 5 5 5 5 5 5 5 5 5 5 5 5 5 5 5 5 5 5 5 5 5 5 5 5 5 5 5 5 5 5 5 5 5 5 5 5 5 5 5 5 5 5 5 5 5 5 5 5 5 5 5 5 5 5 5 5 5 5 5 5 5 5 5 5 5 5 5 5 5 5 5 5 5 5 5 5 
13.23
31.46

1 1 3 2 3 3 2 2 3 3 1 1 3 2 2 2 1 0 1 0 1 0 3 2 1 1 0 0 1 1 0 0 1 0 1 0 1 0 1 0 1 0 1 0 1 0 3 2 1 0 3 2 3 2 3 3 3 3 3 3 2 3 2 3 1 0 1 1 1 1 3 2 0 1 3 3 3 2 3 2 2 2 0 1 3 3 3 3 1 0 2 2 3 2 3 2 3 3 1 1 1 0 1 0 3 2 0 0 3 2 1 1 1 0 1 1 3 3 3 3 2 3 2 3 2 2 1 1 0 0 2 2 3 2 3 3 1 1 1 0 1 0 1 0 2 2 2 3 3 3 0 1 2 3 1 4 5 5 5 5 5 5 5 5 5 5 5 5 5 5 5 5 5 5 5 5 5 5 5 5 5 5 5 5 5 5 5 5 5 5 5 5 5 5 5 5 5 5 5 5 5 5 5 5 5 5 5 5 5 5 5 5 5 5 5 5 5 5 5 5 5 5 5 5 5 5 5 5 5 5 5 5 5 5 5 5 5 5 5 5 5 5 5 5 5 5 5 5 5 5 5 5 5 5 5 5 5 5 5 5 5 5 5 5 5 5 5 5 5 5 5 5 5 5 5 5 5 5 5 5 5 5 5 5 5 5 5 5 5 5 5 5 5 5 5 5 5 5 5 5 
13.19
31.42

1 1 3 2 3 3 2 2 3 3 1 1 3 2 2 2 1 0 1 0 1 0 3 2 1 1 0 0 1 1 0 0 1 0 1 0 1 0 1 0 1 0 1 0 1 0 3 2 1 0 3 2 3 2 3 3 3 3 3 3 2 3 2 3 1 0 1 1 1 1 3 2 0 1 3 3 3 2 3 2 2 2 0 1 3 3 3 3 1 0 2 2 3 2 3 2 3 3 1 1 1 0 1 0 3 2 0 0 3 2 1 1 1 0 1 1 3 3 3 3 2 2 1 0 1 1 1 1 1 1 2 3 1 0 0 0 0 0 0 0 3 2 3 2 1 0 1 1 2 2 2 3 3 3 1 4 5 5 5 5 5 5 5 5 5 5 5 5 5 5 5 5 5 5 5 5 5 5 5 5 5 5 5 5 5 5 5 5 5 5 5 5 5 5 5 5 5 5 5 5 5 5 5 5 5 5 5 5 5 5 5 5 5 5 5 5 5 5 5 5 5 5 5 5 5 5 5 5 5 5 5 5 5 5 5 5 5 5 5 5 5 5 5 5 5 5 5 5 5 5 5 5 5 5 5 5 5 5 5 5 5 5 5 5 5 5 5 5 5 5 5 5 5 5 5 5 5 5 5 5 5 5 5 5 5 5 5 5 5 5 5 5 5 5 5 5 5 5 5 5 
13.17
31.90

1 1 3 2 3 3 2 2 3 3 1 1 3 2 2 2 1 0 1 0 1 0 3 2 1 1 0 0 1 1 0 0 1 0 1 0 1 0 1 0 1 0 1 0 1 0 3 2 1 0 3 2 3 2 3 3 3 3 3 3 2 3 2 3 1 0 1 1 1 1 3 2 0 1 3 3 3 2 3 2 2 2 0 1 3 3 3 3 1 0 2 2 3 2 3 2 3 3 1 1 1 0 1 0 3 2 0 0 3 2 1 1 1 0 1 1 3 3 3 3 2 2 2 3 3 2 1 1 2 3 1 0 0 1 2 3 1 0 0 1 2 2 3 2 2 3 3 3 0 1 2 3 1 1 0 4 5 5 5 5 5 5 5 5 5 5 5 5 5 5 5 5 5 5 5 5 5 5 5 5 5 5 5 5 5 5 5 5 5 5 5 5 5 5 5 5 5 5 5 5 5 5 5 5 5 5 5 5 5 5 5 5 5 5 5 5 5 5 5 5 5 5 5 5 5 5 5 5 5 5 5 5 5 5 5 5 5 5 5 5 5 5 5 5 5 5 5 5 5 5 5 5 5 5 5 5 5 5 5 5 5 5 5 5 5 5 5 5 5 5 5 5 5 5 5 5 5 5 5 5 5 5 5 5 5 5 5 5 5 5 5 5 5 5 5 5 5 5 5 5 
13.11
31.58

1 1 3 2 3 3 2 2 3 3 1 1 3 2 2 2 1 0 1 0 1 0 3 2 1 1 0 0 1 1 0 0 1 0 1 0 1 0 1 0 1 0 1 0 1 0 3 2 1 0 3 2 3 2 3 3 3 3 3 3 2 3 2 3 1 0 1 1 1 1 3 2 0 1 3 3 3 2 3 2 2 2 0 1 3 3 3 3 1 0 2 2 3 2 3 2 3 3 1 1 1 0 1 0 3 2 0 0 3 2 1 1 1 0 1 1 3 3 3 3 2 2 1 0 1 1 1 1 1 1 2 3 1 0 0 0 0 0 0 0 3 2 3 2 1 0 1 1 2 2 2 3 3 3 1 0 2 3 1 4 5 5 5 5 5 5 5 5 5 5 5 5 5 5 5 5 5 5 5 5 5 5 5 5 5 5 5 5 5 5 5 5 5 5 5 5 5 5 5 5 5 5 5 5 5 5 5 5 5 5 5 5 5 5 5 5 5 5 5 5 5 5 5 5 5 5 5 5 5 5 5 5 5 5 5 5 5 5 5 5 5 5 5 5 5 5 5 5 5 5 5 5 5 5 5 5 5 5 5 5 5 5 5 5 5 5 5 5 5 5 5 5 5 5 5 5 5 5 5 5 5 5 5 5 5 5 5 5 5 5 5 5 5 5 5 5 5 5 5 5 
13.13
32.14

1 1 3 2 3 3 2 2 3 3 1 1 3 2 2 2 1 0 1 0 1 0 3 2 1 1 0 0 1 1 0 0 1 0 1 0 1 0 1 0 1 0 1 0 1 0 3 2 1 0 3 2 3 2 3 3 3 3 3 3 2 3 2 3 1 0 1 1 1 1 3 2 0 1 3 3 3 2 3 2 2 2 0 1 3 3 3 3 1 0 2 2 3 2 3 2 3 3 1 1 1 0 1 0 3 2 0 0 3 2 1 1 1 0 1 1 3 3 3 3 2 2 1 0 1 1 1 1 0 0 1 1 1 0 1 1 0 0 0 1 0 0 2 2 3 3 1 1 1 0 0 1 0 1 0 0 1 0 1 4 5 5 5 5 5 5 5 5 5 5 5 5 5 5 5 5 5 5 5 5 5 5 5 5 5 5 5 5 5 5 5 5 5 5 5 5 5 5 5 5 5 5 5 5 5 5 5 5 5 5 5 5 5 5 5 5 5 5 5 5 5 5 5 5 5 5 5 5 5 5 5 5 5 5 5 5 5 5 5 5 5 5 5 5 5 5 5 5 5 5 5 5 5 5 5 5 5 5 5 5 5 5 5 5 5 5 5 5 5 5 5 5 5 5 5 5 5 5 5 5 5 5 5 5 5 5 5 5 5 5 5 5 5 5 5 5 5 5 5 5 
13.13
31.66

1 1 3 2 3 3 2 2 3 3 1 1 3 2 2 2 1 0 1 0 1 0 3 2 1 1 0 0 1 1 0 0 1 0 1 0 1 0 1 0 1 0 1 0 1 0 3 2 1 0 3 2 3 2 3 3 3 3 3 3 2 3 2 3 1 0 1 1 1 1 3 2 0 1 3 3 3 2 3 2 2 2 0 1 3 3 3 3 1 0 2 2 3 2 3 2 3 3 1 1 1 0 1 0 3 2 0 0 3 2 1 1 1 0 1 1 3 3 3 3 2 2 3 2 1 1 2 3 2 2 3 3 0 1 1 1 0 0 2 3 2 2 3 2 3 3 0 0 2 3 3 3 2 2 1 1 0 1 2 3 1 4 5 5 5 5 5 5 5 5 5 5 5 5 5 5 5 5 5 5 5 5 5 5 5 5 5 5 5 5 5 5 5 5 5 5 5 5 5 5 5 5 5 5 5 5 5 5 5 5 5 5 5 5 5 5 5 5 5 5 5 5 5 5 5 5 5 5 5 5 5 5 5 5 5 5 5 5 5 5 5 5 5 5 5 5 5 5 5 5 5 5 5 5 5 5 5 5 5 5 5 5 5 5 5 5 5 5 5 5 5 5 5 5 5 5 5 5 5 5 5 5 5 5 5 5 5 5 5 5 5 5 5 5 5 5 5 5 5 5 
13.12
31.94

1 1 3 2 3 3 2 2 3 3 1 1 3 2 2 2 1 0 1 0 1 0 3 2 1 1 0 0 1 1 0 0 1 0 1 0 1 0 1 0 1 0 1 0 1 0 3 2 1 0 3 2 3 2 3 3 3 3 3 3 2 3 2 3 1 0 1 1 1 1 3 2 0 1 3 3 3 2 3 2 2 2 0 1 3 3 3 3 1 0 2 2 3 2 3 2 3 3 1 1 1 0 1 0 3 2 0 0 3 2 1 1 1 0 1 1 3 3 3 3 2 2 3 2 1 1 2 3 2 2 3 3 0 1 1 1 0 0 2 3 2 2 3 2 3 3 0 0 2 3 3 3 2 2 1 1 0 1 2 3 1 1 0 4 5 5 5 5 5 5 5 5 5 5 5 5 5 5 5 5 5 5 5 5 5 5 5 5 5 5 5 5 5 5 5 5 5 5 5 5 5 5 5 5 5 5 5 5 5 5 5 5 5 5 5 5 5 5 5 5 5 5 5 5 5 5 5 5 5 5 5 5 5 5 5 5 5 5 5 5 5 5 5 5 5 5 5 5 5 5 5 5 5 5 5 5 5 5 5 5 5 5 5 5 5 5 5 5 5 5 5 5 5 5 5 5 5 5 5 5 5 5 5 5 5 5 5 5 5 5 5 5 5 5 5 5 5 5 5 5 
13.12
32.06

1 1 3 2 3 3 2 2 3 3 1 1 3 2 2 2 1 0 1 0 1 0 3 2 1 1 0 0 1 1 0 0 1 0 1 0 1 0 1 0 1 0 1 0 1 0 3 2 1 0 3 2 3 2 3 3 3 3 3 3 2 3 2 3 1 0 1 1 1 1 3 2 0 1 3 3 3 2 3 2 2 2 0 1 3 3 3 3 1 0 2 2 3 2 3 2 3 3 1 1 1 0 1 0 3 2 0 0 3 2 1 1 1 0 1 1 3 3 3 3 2 3 2 2 2 3 2 3 2 3 2 3 1 1 1 1 0 0 1 1 0 0 0 1 2 2 3 3 0 1 1 0 1 0 2 2 2 2 3 3 3 3 1 4 5 5 5 5 5 5 5 5 5 5 5 5 5 5 5 5 5 5 5 5 5 5 5 5 5 5 5 5 5 5 5 5 5 5 5 5 5 5 5 5 5 5 5 5 5 5 5 5 5 5 5 5 5 5 5 5 5 5 5 5 5 5 5 5 5 5 5 5 5 5 5 5 5 5 5 5 5 5 5 5 5 5 5 5 5 5 5 5 5 5 5 5 5 5 5 5 5 5 5 5 5 5 5 5 5 5 5 5 5 5 5 5 5 5 5 5 5 5 5 5 5 5 5 5 5 5 5 5 5 5 5 5 5 5 5 5 
13.20
31.98

1 1 3 2 3 3 2 2 3 3 1 1 3 2 2 2 1 0 1 0 1 0 3 2 1 1 0 0 1 1 0 0 1 0 1 0 1 0 1 0 1 0 1 0 1 0 3 2 1 0 3 2 3 2 3 3 3 3 3 3 2 3 2 3 1 0 1 1 1 1 3 2 0 1 3 3 3 2 3 2 2 2 0 1 3 3 3 3 1 0 2 2 3 2 3 2 3 3 1 1 1 0 1 0 3 2 0 0 3 2 1 1 1 0 1 1 3 3 3 3 2 2 1 0 1 1 0 0 1 0 1 1 1 1 1 1 0 0 0 1 1 1 1 0 1 1 3 2 0 0 0 0 1 0 1 0 1 0 0 1 0 1 0 0 0 1 1 4 5 5 5 5 5 5 5 5 5 5 5 5 5 5 5 5 5 5 5 5 5 5 5 5 5 5 5 5 5 5 5 5 5 5 5 5 5 5 5 5 5 5 5 5 5 5 5 5 5 5 5 5 5 5 5 5 5 5 5 5 5 5 5 5 5 5 5 5 5 5 5 5 5 5 5 5 5 5 5 5 5 5 5 5 5 5 5 5 5 5 5 5 5 5 5 5 5 5 5 5 5 5 5 5 5 5 5 5 5 5 5 5 5 5 5 5 5 5 5 5 5 5 5 5 5 5 5 5 5 5 5 5 
13.14
32.14

1 1 3 2 3 3 2 2 3 3 1 1 3 2 2 2 1 0 1 0 1 0 3 2 1 1 0 0 1 1 0 0 1 0 1 0 1 0 1 0 1 0 1 0 1 0 3 2 1 0 3 2 3 2 3 3 3 3 3 3 2 3 2 3 1 0 1 1 1 1 3 2 0 1 3 3 3 2 3 2 2 2 0 1 3 3 3 3 1 0 2 2 3 2 3 2 3 3 1 1 1 0 1 0 3 2 0 0 3 2 1 1 1 0 1 1 3 3 3 3 2 3 2 2 2 3 2 3 1 1 2 2 2 3 3 3 0 1 2 2 2 2 2 2 2 3 3 3 3 3 3 3 1 0 1 1 0 0 2 3 0 1 1 4 5 5 5 5 5 5 5 5 5 5 5 5 5 5 5 5 5 5 5 5 5 5 5 5 5 5 5 5 5 5 5 5 5 5 5 5 5 5 5 5 5 5 5 5 5 5 5 5 5 5 5 5 5 5 5 5 5 5 5 5 5 5 5 5 5 5 5 5 5 5 5 5 5 5 5 5 5 5 5 5 5 5 5 5 5 5 5 5 5 5 5 5 5 5 5 5 5 5 5 5 5 5 5 5 5 5 5 5 5 5 5 5 5 5 5 5 5 5 5 5 5 5 5 5 5 5 5 5 5 5 5 5 5 5 5 5 
13.14
32.46

1 1 3 2 3 3 2 2 3 3 1 1 3 2 2 2 1 0 1 0 1 0 3 2 1 1 0 0 1 1 0 0 1 0 1 0 1 0 1 0 1 0 1 0 1 0 3 2 1 0 3 2 3 2 3 3 3 3 3 3 2 3 2 3 1 0 1 1 1 1 3 2 0 1 3 3 3 2 3 2 2 2 0 1 3 3 3 3 1 0 2 2 3 2 3 2 3 3 1 1 1 0 1 0 3 2 0 0 3 2 1 1 1 0 1 1 3 3 3 3 2 2 1 1 2 3 1 1 1 1 2 3 2 3 1 1 3 2 0 1 0 1 3 3 2 3 2 3 2 3 2 2 0 0 0 1 0 1 2 2 3 2 0 1 3 3 1 1 3 2 0 0 1 0 0 0 0 4 5 5 5 5 5 5 5 5 5 5 5 5 5 5 5 5 5 5 5 5 5 5 5 5 5 5 5 5 5 5 5 5 5 5 5 5 5 5 5 5 5 5 5 5 5 5 5 5 5 5 5 5 5 5 5 5 5 5 5 5 5 5 5 5 5 5 5 5 5 5 5 5 5 5 5 5 5 5 5 5 5 5 5 5 5 5 5 5 5 5 5 5 5 5 5 5 5 5 5 5 5 5 5 5 5 5 5 5 5 5 5 5 5 5 5 5 5 5 5 5 5 5 
13.15
32.98

1 1 3 2 3 3 2 2 3 3 1 1 3 2 2 2 1 0 1 0 1 0 3 2 1 1 0 0 1 1 0 0 1 0 1 0 1 0 1 0 1 0 1 0 1 0 3 2 1 0 3 2 3 2 3 3 3 3 3 3 2 3 2 3 1 0 1 1 1 1 3 2 0 1 3 3 3 2 3 2 2 2 0 1 3 3 3 3 1 0 2 2 3 2 3 2 3 3 1 1 1 0 1 0 3 2 0 0 3 2 1 1 1 0 1 1 3 3 3 3 2 2 1 1 2 3 1 1 1 1 2 3 2 3 1 1 3 2 0 1 0 1 3 3 2 3 2 3 2 3 2 2 0 0 0 1 0 1 2 2 3 2 0 1 3 3 1 1 3 2 0 0 1 0 0 0 0 4 5 5 5 5 5 5 5 5 5 5 5 5 5 5 5 5 5 5 5 5 5 5 5 5 5 5 5 5 5 5 5 5 5 5 5 5 5 5 5 5 5 5 5 5 5 5 5 5 5 5 5 5 5 5 5 5 5 5 5 5 5 5 5 5 5 5 5 5 5 5 5 5 5 5 5 5 5 5 5 5 5 5 5 5 5 5 5 5 5 5 5 5 5 5 5 5 5 5 5 5 5 5 5 5 5 5 5 5 5 5 5 5 5 5 5 5 5 5 5 5 5 5 
13.21
32.98

1 1 3 2 3 3 2 2 3 3 1 1 3 2 2 2 1 0 1 0 1 0 3 2 1 1 0 0 1 1 0 0 1 0 1 0 1 0 1 0 1 0 1 0 1 0 3 2 1 0 3 2 3 2 3 3 3 3 3 3 2 3 2 3 1 0 1 1 1 1 3 2 0 1 3 3 3 2 3 2 2 2 0 1 3 3 3 3 1 0 2 2 3 2 3 2 3 3 1 1 1 0 1 0 3 2 0 0 3 2 1 1 1 0 1 1 3 3 3 3 2 2 1 1 2 3 1 1 1 1 2 3 2 3 1 1 3 2 0 1 0 1 3 3 2 3 2 3 2 3 2 2 0 0 0 1 0 1 2 2 3 2 0 1 3 3 1 1 3 2 0 0 1 0 0 0 0 4 5 5 5 5 5 5 5 5 5 5 5 5 5 5 5 5 5 5 5 5 5 5 5 5 5 5 5 5 5 5 5 5 5 5 5 5 5 5 5 5 5 5 5 5 5 5 5 5 5 5 5 5 5 5 5 5 5 5 5 5 5 5 5 5 5 5 5 5 5 5 5 5 5 5 5 5 5 5 5 5 5 5 5 5 5 5 5 5 5 5 5 5 5 5 5 5 5 5 5 5 5 5 5 5 5 5 5 5 5 5 5 5 5 5 5 5 5 5 5 5 5 5 
13.17
32.98

1 1 3 2 3 3 2 2 3 3 1 1 3 2 2 2 1 0 1 0 1 0 3 2 1 1 0 0 1 1 0 0 1 0 1 0 1 0 1 0 1 0 1 0 1 0 3 2 1 0 3 2 3 2 3 3 3 3 3 3 2 3 2 3 1 0 1 1 1 1 3 2 0 1 3 3 3 2 3 2 2 2 0 1 3 3 3 3 1 0 2 2 3 2 3 2 3 3 1 1 1 0 1 0 3 2 0 0 3 2 1 1 1 0 1 1 3 3 3 3 2 2 1 1 2 3 1 1 1 1 2 3 2 3 1 1 3 2 0 1 0 1 3 3 2 3 2 3 2 3 2 2 0 0 0 1 0 1 2 2 3 2 0 1 3 3 1 1 3 2 0 0 1 0 0 0 0 4 5 5 5 5 5 5 5 5 5 5 5 5 5 5 5 5 5 5 5 5 5 5 5 5 5 5 5 5 5 5 5 5 5 5 5 5 5 5 5 5 5 5 5 5 5 5 5 5 5 5 5 5 5 5 5 5 5 5 5 5 5 5 5 5 5 5 5 5 5 5 5 5 5 5 5 5 5 5 5 5 5 5 5 5 5 5 5 5 5 5 5 5 5 5 5 5 5 5 5 5 5 5 5 5 5 5 5 5 5 5 5 5 5 5 5 5 5 5 5 5 5 5 
13.20
32.98

1 1 3 2 3 3 2 2 3 3 1 1 3 2 2 2 1 0 1 0 1 0 3 2 1 1 0 0 1 1 0 0 1 0 1 0 1 0 1 0 1 0 1 0 1 0 3 2 1 0 3 2 3 2 3 3 3 3 3 3 2 3 2 3 1 0 1 1 1 1 3 2 0 1 3 3 3 2 3 2 2 2 0 1 3 3 3 3 1 0 2 2 3 2 3 2 3 3 1 1 1 0 1 0 3 2 0 0 3 2 1 1 1 0 1 1 3 3 3 3 2 2 1 0 1 0 1 1 1 0 1 1 0 0 0 1 2 3 1 0 0 0 3 2 2 2 0 1 3 2 3 3 1 0 2 3 3 2 1 1 1 0 0 1 1 1 1 0 1 0 1 1 0 0 1 0 1 0 0 0 1 4 5 5 5 5 5 5 5 5 5 5 5 5 5 5 5 5 5 5 5 5 5 5 5 5 5 5 5 5 5 5 5 5 5 5 5 5 5 5 5 5 5 5 5 5 5 5 5 5 5 5 5 5 5 5 5 5 5 5 5 5 5 5 5 5 5 5 5 5 5 5 5 5 5 5 5 5 5 5 5 5 5 5 5 5 5 5 5 5 5 5 5 5 5 5 5 5 5 5 5 5 5 5 5 5 5 5 5 5 5 5 5 5 5 5 5 5 5 5 
13.25
32.98

1 1 3 2 3 3 2 2 3 3 1 1 3 2 2 2 1 0 1 0 1 0 3 2 1 1 0 0 1 1 0 0 1 0 1 0 1 0 1 0 1 0 1 0 1 0 3 2 1 0 3 2 3 2 3 3 3 3 3 3 2 3 2 3 1 0 1 1 1 1 3 2 0 1 3 3 3 2 3 2 2 2 0 1 3 3 3 3 1 0 2 2 3 2 3 2 3 3 1 1 1 0 1 0 3 2 0 0 3 2 1 1 1 0 1 1 3 3 3 3 2 2 1 0 1 0 1 1 1 0 1 1 0 0 0 1 2 3 1 0 0 0 3 2 2 2 0 1 3 2 3 3 1 0 2 3 3 2 1 1 1 0 0 1 1 1 1 0 1 0 1 1 0 0 1 0 1 0 0 0 1 4 5 5 5 5 5 5 5 5 5 5 5 5 5 5 5 5 5 5 5 5 5 5 5 5 5 5 5 5 5 5 5 5 5 5 5 5 5 5 5 5 5 5 5 5 5 5 5 5 5 5 5 5 5 5 5 5 5 5 5 5 5 5 5 5 5 5 5 5 5 5 5 5 5 5 5 5 5 5 5 5 5 5 5 5 5 5 5 5 5 5 5 5 5 5 5 5 5 5 5 5 5 5 5 5 5 5 5 5 5 5 5 5 5 5 5 5 5 5 
13.22
32.98

1 1 3 2 3 3 2 2 3 3 1 1 3 2 2 2 1 0 1 0 1 0 3 2 1 1 0 0 1 1 0 0 1 0 1 0 1 0 1 0 1 0 1 0 1 0 3 2 1 0 3 2 3 2 3 3 3 3 3 3 2 3 2 3 1 0 1 1 1 1 3 2 0 1 3 3 3 2 3 2 2 2 0 1 3 3 3 3 1 0 2 2 3 2 3 2 3 3 1 1 1 0 1 0 3 2 0 0 3 2 1 1 1 0 1 1 3 3 3 3 2 2 1 1 2 3 1 1 1 1 2 3 2 3 1 1 3 2 0 1 0 1 3 3 2 3 2 3 2 3 2 2 0 0 0 1 0 1 2 2 3 2 0 1 3 3 1 1 3 2 0 0 1 0 0 0 0 1 0 4 5 5 5 5 5 5 5 5 5 5 5 5 5 5 5 5 5 5 5 5 5 5 5 5 5 5 5 5 5 5 5 5 5 5 5 5 5 5 5 5 5 5 5 5 5 5 5 5 5 5 5 5 5 5 5 5 5 5 5 5 5 5 5 5 5 5 5 5 5 5 5 5 5 5 5 5 5 5 5 5 5 5 5 5 5 5 5 5 5 5 5 5 5 5 5 5 5 5 5 5 5 5 5 5 5 5 5 5 5 5 5 5 5 5 5 5 5 5 5 5 
13.15
33.02

1 1 3 2 3 3 2 2 3 3 1 1 3 2 2 2 1 0 1 0 1 0 3 2 1 1 0 0 1 1 0 0 1 0 1 0 1 0 1 0 1 0 1 0 1 0 3 2 1 0 3 2 3 2 3 3 3 3 3 3 2 3 2 3 1 0 1 1 1 1 3 2 0 1 3 3 3 2 3 2 2 2 0 1 3 3 3 3 1 0 2 2 3 2 3 2 3 3 1 1 1 0 1 0 3 2 0 0 3 2 1 1 1 0 1 1 3 3 3 3 2 3 2 2 2 3 3 3 2 2 2 2 0 0 3 2 3 3 2 3 2 2 3 2 0 1 3 3 2 2 1 1 0 1 3 3 2 3 1 0 2 3 1 1 2 3 1 1 1 1 0 1 0 1 2 3 1 1 0 0 0 0 0 4 5 5 5 5 5 5 5 5 5 5 5 5 5 5 5 5 5 5 5 5 5 5 5 5 5 5 5 5 5 5 5 5 5 5 5 5 5 5 5 5 5 5 5 5 5 5 5 5 5 5 5 5 5 5 5 5 5 5 5 5 5 5 5 5 5 5 5 5 5 5 5 5 5 5 5 5 5 5 5 5 5 5 5 5 5 5 5 5 5 5 5 5 5 5 5 5 5 5 5 5 5 5 5 5 5 5 5 5 5 5 5 5 5 5 5 5 
13.23
33.42

1 1 3 2 3 3 2 2 3 3 1 1 3 2 2 2 1 0 1 0 1 0 3 2 1 1 0 0 1 1 0 0 1 0 1 0 1 0 1 0 1 0 1 0 1 0 3 2 1 0 3 2 3 2 3 3 3 3 3 3 2 3 2 3 1 0 1 1 1 1 3 2 0 1 3 3 3 2 3 2 2 2 0 1 3 3 3 3 1 0 2 2 3 2 3 2 3 3 1 1 1 0 1 0 3 2 0 0 3 2 1 1 1 0 1 1 3 3 3 3 2 3 2 2 2 3 3 3 2 2 2 2 0 0 3 2 3 3 2 3 2 2 3 2 0 1 3 3 2 2 1 1 0 1 3 3 2 3 1 0 2 3 1 1 2 3 1 1 1 1 0 1 0 1 2 3 1 1 0 0 0 0 0 0 1 4 5 5 5 5 5 5 5 5 5 5 5 5 5 5 5 5 5 5 5 5 5 5 5 5 5 5 5 5 5 5 5 5 5 5 5 5 5 5 5 5 5 5 5 5 5 5 5 5 5 5 5 5 5 5 5 5 5 5 5 5 5 5 5 5 5 5 5 5 5 5 5 5 5 5 5 5 5 5 5 5 5 5 5 5 5 5 5 5 5 5 5 5 5 5 5 5 5 5 5 5 5 5 5 5 5 5 5 5 5 5 5 5 5 5 
13.25
33.54

1 1 3 2 3 3 2 2 3 3 1 1 3 2 2 2 1 0 1 0 1 0 3 2 1 1 0 0 1 1 0 0 1 0 1 0 1 0 1 0 1 0 1 0 1 0 3 2 1 0 3 2 3 2 3 3 3 3 3 3 2 3 2 3 1 0 1 1 1 1 3 2 0 1 3 3 3 2 3 2 2 2 0 1 3 3 3 3 1 0 2 2 3 2 3 2 3 3 1 1 1 0 1 0 3 2 0 0 3 2 1 1 1 0 1 1 3 3 3 3 2 3 2 2 1 1 2 3 0 0 1 1 2 3 0 1 1 1 0 0 1 0 2 2 3 3 2 3 1 1 1 1 0 0 0 0 1 0 1 1 0 0 0 1 0 0 3 2 2 2 0 0 1 1 3 3 2 3 1 1 1 4 5 5 5 5 5 5 5 5 5 5 5 5 5 5 5 5 5 5 5 5 5 5 5 5 5 5 5 5 5 5 5 5 5 5 5 5 5 5 5 5 5 5 5 5 5 5 5 5 5 5 5 5 5 5 5 5 5 5 5 5 5 5 5 5 5 5 5 5 5 5 5 5 5 5 5 5 5 5 5 5 5 5 5 5 5 5 5 5 5 5 5 5 5 5 5 5 5 5 5 5 5 5 5 5 5 5 5 5 5 5 5 5 5 5 5 5 5 5 
13.26
33.46

1 1 3 2 3 3 2 2 3 3 1 1 3 2 2 2 1 0 1 0 1 0 3 2 1 1 0 0 1 1 0 0 1 0 1 0 1 0 1 0 1 0 1 0 1 0 3 2 1 0 3 2 3 2 3 3 3 3 3 3 2 3 2 3 1 0 1 1 1 1 3 2 0 1 3 3 3 2 3 2 2 2 0 1 3 3 3 3 1 0 2 2 3 2 3 2 3 3 1 1 1 0 1 0 3 2 0 0 3 2 1 1 1 0 1 1 3 3 3 3 2 2 1 0 1 1 0 0 1 0 1 1 1 1 1 1 0 0 0 1 1 1 1 0 1 1 3 2 0 0 0 0 1 0 1 0 1 0 0 1 0 1 0 0 0 1 1 1 0 0 0 0 3 3 2 3 2 2 1 1 0 1 1 4 5 5 5 5 5 5 5 5 5 5 5 5 5 5 5 5 5 5 5 5 5 5 5 5 5 5 5 5 5 5 5 5 5 5 5 5 5 5 5 5 5 5 5 5 5 5 5 5 5 5 5 5 5 5 5 5 5 5 5 5 5 5 5 5 5 5 5 5 5 5 5 5 5 5 5 5 5 5 5 5 5 5 5 5 5 5 5 5 5 5 5 5 5 5 5 5 5 5 5 5 5 5 5 5 5 5 5 5 5 5 5 5 5 5 5 5 
13.26
33.26

1 1 3 2 3 3 2 2 3 3 1 1 3 2 2 2 1 0 1 0 1 0 3 2 1 1 0 0 1 1 0 0 1 0 1 0 1 0 1 0 1 0 1 0 1 0 3 2 1 0 3 2 3 2 3 3 3 3 3 3 2 3 2 3 1 0 1 1 1 1 3 2 0 1 3 3 3 2 3 2 2 2 0 1 3 3 3 3 1 0 2 2 3 2 3 2 3 3 1 1 1 0 1 0 3 2 0 0 3 2 1 1 1 0 1 1 3 3 3 3 2 3 2 2 1 1 2 3 0 0 1 1 2 3 0 1 1 1 0 0 1 0 2 2 3 3 2 3 1 1 1 1 0 0 0 0 1 0 1 1 0 0 0 1 0 0 3 2 2 2 0 0 1 1 3 3 2 3 1 1 1 1 0 1 0 4 5 5 5 5 5 5 5 5 5 5 5 5 5 5 5 5 5 5 5 5 5 5 5 5 5 5 5 5 5 5 5 5 5 5 5 5 5 5 5 5 5 5 5 5 5 5 5 5 5 5 5 5 5 5 5 5 5 5 5 5 5 5 5 5 5 5 5 5 5 5 5 5 5 5 5 5 5 5 5 5 5 5 5 5 5 5 5 5 5 5 5 5 5 5 5 5 5 5 5 5 5 5 5 5 5 5 5 5 5 5 5 5 5 5 
13.31
33.62

1 1 3 2 3 3 2 2 3 3 1 1 3 2 2 2 1 0 1 0 1 0 3 2 1 1 0 0 1 1 0 0 1 0 1 0 1 0 1 0 1 0 1 0 1 0 3 2 1 0 3 2 3 2 3 3 3 3 3 3 2 3 2 3 1 0 1 1 1 1 3 2 0 1 3 3 3 2 3 2 2 2 0 1 3 3 3 3 1 0 2 2 3 2 3 2 3 3 1 1 1 0 1 0 3 2 0 0 3 2 1 1 1 0 1 1 3 3 3 3 2 3 2 2 1 1 2 3 0 0 1 1 2 3 0 1 1 1 0 0 1 0 2 2 3 3 2 3 1 1 1 1 0 0 0 0 1 0 1 1 0 0 0 1 0 0 3 2 2 2 0 0 1 1 3 3 2 3 1 1 1 1 0 1 0 1 0 4 5 5 5 5 5 5 5 5 5 5 5 5 5 5 5 5 5 5 5 5 5 5 5 5 5 5 5 5 5 5 5 5 5 5 5 5 5 5 5 5 5 5 5 5 5 5 5 5 5 5 5 5 5 5 5 5 5 5 5 5 5 5 5 5 5 5 5 5 5 5 5 5 5 5 5 5 5 5 5 5 5 5 5 5 5 5 5 5 5 5 5 5 5 5 5 5 5 5 5 5 5 5 5 5 5 5 5 5 5 5 5 5 
13.30
33.66

1 1 3 2 3 3 2 2 3 3 1 1 3 2 2 2 1 0 1 0 1 0 3 2 1 1 0 0 1 1 0 0 1 0 1 0 1 0 1 0 1 0 1 0 1 0 3 2 1 0 3 2 3 2 3 3 3 3 3 3 2 3 2 3 1 0 1 1 1 1 3 2 0 1 3 3 3 2 3 2 2 2 0 1 3 3 3 3 1 0 2 2 3 2 3 2 3 3 1 1 1 0 1 0 3 2 0 0 3 2 1 1 1 0 1 1 3 3 3 3 2 3 2 2 2 3 3 3 2 2 2 2 0 0 3 2 3 3 2 3 2 2 3 2 0 1 3 3 2 2 1 1 0 1 3 3 2 3 1 0 2 3 1 1 2 3 1 1 1 1 0 1 0 1 2 3 1 1 0 0 0 0 0 0 1 1 0 0 0 1 2 2 3 2 3 3 1 4 5 5 5 5 5 5 5 5 5 5 5 5 5 5 5 5 5 5 5 5 5 5 5 5 5 5 5 5 5 5 5 5 5 5 5 5 5 5 5 5 5 5 5 5 5 5 5 5 5 5 5 5 5 5 5 5 5 5 5 5 5 5 5 5 5 5 5 5 5 5 5 5 5 5 5 5 5 5 5 5 5 5 5 5 5 5 5 5 5 5 5 5 5 5 5 5 5 5 5 5 5 5 
13.33
34.34

1 1 3 2 3 3 2 2 3 3 1 1 3 2 2 2 1 0 1 0 1 0 3 2 1 1 0 0 1 1 0 0 1 0 1 0 1 0 1 0 1 0 1 0 1 0 3 2 1 0 3 2 3 2 3 3 3 3 3 3 2 3 2 3 1 0 1 1 1 1 3 2 0 1 3 3 3 2 3 2 2 2 0 1 3 3 3 3 1 0 2 2 3 2 3 2 3 3 1 1 1 0 1 0 3 2 0 0 3 2 1 1 1 0 1 1 3 3 3 3 2 3 2 2 1 1 1 0 2 3 1 1 0 1 1 0 0 1 0 1 0 1 1 1 1 0 1 1 0 1 3 3 3 3 0 0 1 0 2 3 1 0 2 2 0 6 7 7 7 7 7 7 7 7 7 7 7 7 7 7 7 7 7 7 7 7 7 7 7 7 7 7 7 7 7 7 7 7 7 7 7 7 7 7 7 7 7 7 7 7 7 7 7 7 7 7 7 7 7 7 7 7 7 7 7 7 7 7 7 7 7 7 7 7 7 7 7 7 7 7 7 7 7 7 7 7 7 7 7 7 7 7 7 7 7 7 7 7 7 7 7 7 7 7 7 7 7 7 7 7 7 7 7 7 7 7 7 7 7 7 7 7 7 7 7 7 7 7 7 7 7 7 7 7 7 7 7 7 7 7 
13.45
106.50

1 1 3 2 3 3 2 2 3 3 1 1 3 2 2 2 1 0 1 0 1 0 3 2 1 1 0 0 1 1 0 0 1 0 1 0 1 0 1 0 1 0 1 0 1 0 3 2 1 0 3 2 3 2 3 3 3 3 3 3 2 3 2 3 1 0 1 1 1 1 3 2 0 1 3 3 3 2 3 2 2 2 0 1 3 3 3 3 1 0 2 2 3 2 3 2 3 3 1 1 1 0 1 0 3 2 0 0 3 2 1 1 1 0 1 1 3 3 3 3 2 2 1 1 1 1 1 1 0 0 1 1 1 1 0 1 3 2 3 2 0 1 0 1 0 0 2 3 1 1 3 2 3 3 2 2 3 3 3 2 3 2 3 3 2 2 2 3 3 2 2 2 0 1 0 0 0 0 1 1 0 0 1 0 0 1 1 0 0 4 5 5 5 5 5 5 5 5 5 5 5 5 5 5 5 5 5 5 5 5 5 5 5 5 5 5 5 5 5 5 5 5 5 5 5 5 5 5 5 5 5 5 5 5 5 5 5 5 5 5 5 5 5 5 5 5 5 5 5 5 5 5 5 5 5 5 5 5 5 5 5 5 5 5 5 5 5 5 5 5 5 5 5 5 5 5 5 5 5 5 5 5 5 5 5 5 5 5 5 5 5 5 5 5 5 5 5 5 5 5 
13.40
33.62

1 1 3 2 3 3 2 2 3 3 1 1 3 2 2 2 1 0 1 0 1 0 3 2 1 1 0 0 1 1 0 0 1 0 1 0 1 0 1 0 1 0 1 0 1 0 3 2 1 0 3 2 3 2 3 3 3 3 3 3 2 3 2 3 1 0 1 1 1 1 3 2 0 1 3 3 3 2 3 2 2 2 0 1 3 3 3 3 1 0 2 2 3 2 3 2 3 3 1 1 1 0 1 0 3 2 0 0 3 2 1 1 1 0 1 1 3 3 3 3 2 3 2 2 2 3 2 3 1 1 2 2 2 3 3 3 0 1 2 2 2 2 2 2 2 3 3 3 3 3 3 3 1 0 1 1 0 0 2 3 0 1 1 1 0 0 0 0 1 1 1 1 1 0 0 0 2 2 2 3 3 3 1 0 2 2 2 3 3 3 1 1 0 1 0 1 0 4 5 5 5 5 5 5 5 5 5 5 5 5 5 5 5 5 5 5 5 5 5 5 5 5 5 5 5 5 5 5 5 5 5 5 5 5 5 5 5 5 5 5 5 5 5 5 5 5 5 5 5 5 5 5 5 5 5 5 5 5 5 5 5 5 5 5 5 5 5 5 5 5 5 5 5 5 5 5 5 5 5 5 5 5 5 5 5 5 5 5 5 5 5 5 5 5 5 5 5 5 5 5 
13.38
34.98

1 1 3 2 3 3 2 2 3 3 1 1 3 2 2 2 1 0 1 0 1 0 3 2 1 1 0 0 1 1 0 0 1 0 1 0 1 0 1 0 1 0 1 0 1 0 3 2 1 0 3 2 3 2 3 3 3 3 3 3 2 3 2 3 1 0 1 1 1 1 3 2 0 1 3 3 3 2 3 2 2 2 0 1 3 3 3 3 1 0 2 2 3 2 3 2 3 3 1 1 1 0 1 0 3 2 0 0 3 2 1 1 1 0 1 1 3 3 3 3 2 3 2 2 1 1 1 0 2 3 1 1 0 1 1 0 0 1 0 1 0 1 1 1 1 0 1 1 0 1 3 3 3 3 0 0 1 0 2 3 1 0 2 2 0 6 7 7 7 7 7 7 7 7 7 7 7 7 7 7 7 7 7 7 7 7 7 7 7 7 7 7 7 7 7 7 7 7 7 7 7 7 7 7 7 7 7 7 7 7 7 7 7 7 7 7 7 7 7 7 7 7 7 7 7 7 7 7 7 7 7 7 7 7 7 7 7 7 7 7 7 7 7 7 7 7 7 7 7 7 7 7 7 7 7 7 7 7 7 7 7 7 7 7 7 7 7 7 7 7 7 7 7 7 7 7 7 7 7 7 7 7 7 7 7 7 7 7 7 7 7 7 7 7 7 7 7 7 7 7 
13.49
106.50

1 1 3 2 3 3 2 2 3 3 1 1 3 2 2 2 1 0 1 0 1 0 3 2 1 1 0 0 1 1 0 0 1 0 1 0 1 0 1 0 1 0 1 0 1 0 3 2 1 0 3 2 3 2 3 3 3 3 3 3 2 3 2 3 1 0 1 1 1 1 3 2 0 1 3 3 3 2 3 2 2 2 0 1 3 3 3 3 1 0 2 2 3 2 3 2 3 3 1 1 1 0 1 0 3 2 0 0 3 2 1 1 1 0 1 1 3 3 3 3 2 3 2 2 2 3 2 3 1 1 2 2 2 3 3 3 0 1 2 2 2 2 2 2 2 3 3 3 3 3 3 3 1 0 1 1 0 0 2 3 0 1 1 1 0 0 0 0 1 1 1 1 1 0 0 0 2 2 2 3 3 3 1 0 2 2 2 3 3 3 1 1 0 1 0 1 0 4 5 5 5 5 5 5 5 5 5 5 5 5 5 5 5 5 5 5 5 5 5 5 5 5 5 5 5 5 5 5 5 5 5 5 5 5 5 5 5 5 5 5 5 5 5 5 5 5 5 5 5 5 5 5 5 5 5 5 5 5 5 5 5 5 5 5 5 5 5 5 5 5 5 5 5 5 5 5 5 5 5 5 5 5 5 5 5 5 5 5 5 5 5 5 5 5 5 5 5 5 5 5 
13.40
34.98

1 1 3 2 3 3 2 2 3 3 1 1 3 2 2 2 1 0 1 0 1 0 3 2 1 1 0 0 1 1 0 0 1 0 1 0 1 0 1 0 1 0 1 0 1 0 3 2 1 0 3 2 3 2 3 3 3 3 3 3 2 3 2 3 1 0 1 1 1 1 3 2 0 1 3 3 3 2 3 2 2 2 0 1 3 3 3 3 1 0 2 2 3 2 3 2 3 3 1 1 1 0 1 0 3 2 0 0 3 2 1 1 1 0 1 1 3 3 3 3 2 3 2 2 1 1 1 0 2 3 1 1 0 1 1 0 0 1 0 1 0 1 1 1 1 0 1 1 0 1 3 3 3 3 0 0 1 0 2 3 1 0 2 2 0 6 7 7 7 7 7 7 7 7 7 7 7 7 7 7 7 7 7 7 7 7 7 7 7 7 7 7 7 7 7 7 7 7 7 7 7 7 7 7 7 7 7 7 7 7 7 7 7 7 7 7 7 7 7 7 7 7 7 7 7 7 7 7 7 7 7 7 7 7 7 7 7 7 7 7 7 7 7 7 7 7 7 7 7 7 7 7 7 7 7 7 7 7 7 7 7 7 7 7 7 7 7 7 7 7 7 7 7 7 7 7 7 7 7 7 7 7 7 7 7 7 7 7 7 7 7 7 7 7 7 7 7 7 7 7 
13.46
106.50

1 1 3 2 3 3 2 2 3 3 1 1 3 2 2 2 1 0 1 0 1 0 3 2 1 1 0 0 1 1 0 0 1 0 1 0 1 0 1 0 1 0 1 0 1 0 3 2 1 0 3 2 3 2 3 3 3 3 3 3 2 3 2 3 1 0 1 1 1 1 3 2 0 1 3 3 3 2 3 2 2 2 0 1 3 3 3 3 1 0 2 2 3 2 3 2 3 3 1 1 1 0 1 0 3 2 0 0 3 2 1 1 1 0 1 1 3 3 3 3 2 3 2 2 2 3 3 3 2 2 2 2 0 0 3 2 3 3 2 3 2 2 3 2 0 1 3 3 2 2 1 1 0 1 3 3 2 3 1 0 2 3 1 1 2 3 1 1 1 1 0 1 0 1 2 3 1 1 0 0 0 0 0 0 1 1 0 0 0 1 2 2 3 2 3 3 1 1 0 1 0 4 5 5 5 5 5 5 5 5 5 5 5 5 5 5 5 5 5 5 5 5 5 5 5 5 5 5 5 5 5 5 5 5 5 5 5 5 5 5 5 5 5 5 5 5 5 5 5 5 5 5 5 5 5 5 5 5 5 5 5 5 5 5 5 5 5 5 5 5 5 5 5 5 5 5 5 5 5 5 5 5 5 5 5 5 5 5 5 5 5 5 5 5 5 5 5 5 5 5 
13.47
34.50

1 1 3 2 3 3 2 2 3 3 1 1 3 2 2 2 1 0 1 0 1 0 3 2 1 1 0 0 1 1 0 0 1 0 1 0 1 0 1 0 1 0 1 0 1 0 3 2 1 0 3 2 3 2 3 3 3 3 3 3 2 3 2 3 1 0 1 1 1 1 3 2 0 1 3 3 3 2 3 2 2 2 0 1 3 3 3 3 1 0 2 2 3 2 3 2 3 3 1 1 1 0 1 0 3 2 0 0 3 2 1 1 1 0 1 1 3 3 3 3 2 3 2 2 2 3 3 3 2 2 2 2 0 0 3 2 3 3 2 3 2 2 3 2 0 1 3 3 2 2 1 1 0 1 3 3 2 3 1 0 2 3 1 1 2 3 1 1 1 1 0 1 0 1 2 3 1 1 0 0 0 0 0 0 1 1 0 0 0 1 2 2 3 2 3 3 1 1 0 1 0 1 1 0 0 0 1 4 5 5 5 5 5 5 5 5 5 5 5 5 5 5 5 5 5 5 5 5 5 5 5 5 5 5 5 5 5 5 5 5 5 5 5 5 5 5 5 5 5 5 5 5 5 5 5 5 5 5 5 5 5 5 5 5 5 5 5 5 5 5 5 5 5 5 5 5 5 5 5 5 5 5 5 5 5 5 5 5 5 5 5 5 5 5 5 5 5 5 5 5 
13.14
34.86

1 1 3 2 3 3 2 2 3 3 1 1 3 2 2 2 1 0 1 0 1 0 3 2 1 1 0 0 1 1 0 0 1 0 1 0 1 0 1 0 1 0 1 0 1 0 3 2 1 0 3 2 3 2 3 3 3 3 3 3 2 3 2 3 1 0 1 1 1 1 3 2 0 1 3 3 3 2 3 2 2 2 0 1 3 3 3 3 1 0 2 2 3 2 3 2 3 3 1 1 1 0 1 0 3 2 0 0 3 2 1 1 1 0 1 1 3 3 3 3 2 3 2 2 2 3 3 3 2 2 2 2 0 0 3 2 3 3 2 3 2 2 3 2 0 1 3 3 2 2 1 1 0 1 3 3 2 3 1 0 2 3 1 1 2 3 1 1 1 1 0 1 0 1 2 3 1 1 0 0 0 0 0 0 1 1 0 0 0 1 2 2 3 2 3 3 1 1 0 1 0 0 1 0 1 4 5 5 5 5 5 5 5 5 5 5 5 5 5 5 5 5 5 5 5 5 5 5 5 5 5 5 5 5 5 5 5 5 5 5 5 5 5 5 5 5 5 5 5 5 5 5 5 5 5 5 5 5 5 5 5 5 5 5 5 5 5 5 5 5 5 5 5 5 5 5 5 5 5 5 5 5 5 5 5 5 5 5 5 5 5 5 5 5 5 5 5 5 5 5 
13.35
34.66

1 1 3 2 3 3 2 2 3 3 1 1 3 2 2 2 1 0 1 0 1 0 3 2 1 1 0 0 1 1 0 0 1 0 1 0 1 0 1 0 1 0 1 0 1 0 3 2 1 0 3 2 3 2 3 3 3 3 3 3 2 3 2 3 1 0 1 1 1 1 3 2 0 1 3 3 3 2 3 2 2 2 0 1 3 3 3 3 1 0 2 2 3 2 3 2 3 3 1 1 1 0 1 0 3 2 0 0 3 2 1 1 1 0 1 1 3 3 3 3 2 3 2 2 2 3 3 3 2 2 2 2 0 0 3 2 3 3 2 3 2 2 3 2 0 1 3 3 2 2 1 1 0 1 3 3 2 3 1 0 2 3 1 1 2 3 1 1 1 1 0 1 0 1 2 3 1 1 0 0 0 0 0 0 1 1 0 0 0 1 2 2 3 2 3 3 1 1 0 1 0 0 1 0 1 4 5 5 5 5 5 5 5 5 5 5 5 5 5 5 5 5 5 5 5 5 5 5 5 5 5 5 5 5 5 5 5 5 5 5 5 5 5 5 5 5 5 5 5 5 5 5 5 5 5 5 5 5 5 5 5 5 5 5 5 5 5 5 5 5 5 5 5 5 5 5 5 5 5 5 5 5 5 5 5 5 5 5 5 5 5 5 5 5 5 5 5 5 5 5 
13.41
34.66

1 1 3 2 3 3 2 2 3 3 1 1 3 2 2 2 1 0 1 0 1 0 3 2 1 1 0 0 1 1 0 0 1 0 1 0 1 0 1 0 1 0 1 0 1 0 3 2 1 0 3 2 3 2 3 3 3 3 3 3 2 3 2 3 1 0 1 1 1 1 3 2 0 1 3 3 3 2 3 2 2 2 0 1 3 3 3 3 1 0 2 2 3 2 3 2 3 3 1 1 1 0 1 0 3 2 0 0 3 2 1 1 1 0 1 1 3 3 3 3 2 2 2 2 3 3 1 1 1 1 0 1 0 1 1 1 1 1 0 0 0 0 1 1 2 3 1 1 3 2 0 1 3 3 3 3 3 3 0 1 2 3 0 0 3 3 2 2 1 1 2 3 0 0 1 1 2 2 0 0 1 1 3 2 2 2 3 3 0 1 0 1 0 1 3 3 0 1 2 3 0 0 0 0 1 1 0 1 1 1 2 3 2 2 3 2 2 3 0 0 2 4 5 5 5 5 5 5 5 5 5 5 5 5 5 5 5 5 5 5 5 5 5 5 5 5 5 5 5 5 5 5 5 5 5 5 5 5 5 5 5 5 5 5 5 5 5 5 5 5 5 5 5 5 5 5 5 5 5 5 5 5 5 5 5 5 5 5 5 5 5 5 5 5 5 5 5 5 5 5 
13.48
36.66

1 1 3 2 3 3 2 2 3 3 1 1 3 2 2 2 1 0 1 0 1 0 3 2 1 1 0 0 1 1 0 0 1 0 1 0 1 0 1 0 1 0 1 0 1 0 3 2 1 0 3 2 3 2 3 3 3 3 3 3 2 3 2 3 1 0 1 1 1 1 3 2 0 1 3 3 3 2 3 2 2 2 0 1 3 3 3 3 1 0 2 2 3 2 3 2 3 3 1 1 1 0 1 0 3 2 0 0 3 2 1 1 1 0 1 1 3 3 3 3 2 2 2 2 3 3 1 1 1 1 0 1 0 1 1 1 1 1 0 0 0 0 1 1 2 3 1 1 3 2 0 1 3 3 3 3 3 3 0 1 2 3 0 0 3 3 2 2 1 1 2 3 0 0 1 1 2 2 0 0 1 1 3 2 2 2 3 3 0 1 0 1 0 1 3 3 0 1 2 3 0 0 0 0 1 1 0 1 1 1 2 3 2 2 3 2 2 3 0 0 2 4 5 5 5 5 5 5 5 5 5 5 5 5 5 5 5 5 5 5 5 5 5 5 5 5 5 5 5 5 5 5 5 5 5 5 5 5 5 5 5 5 5 5 5 5 5 5 5 5 5 5 5 5 5 5 5 5 5 5 5 5 5 5 5 5 5 5 5 5 5 5 5 5 5 5 5 5 5 5 
13.47
36.66

1 1 3 2 3 3 2 2 3 3 1 1 3 2 2 2 1 0 1 0 1 0 3 2 1 1 0 0 1 1 0 0 1 0 1 0 1 0 1 0 1 0 1 0 1 0 3 2 1 0 3 2 3 2 3 3 3 3 3 3 2 3 2 3 1 0 1 1 1 1 3 2 0 1 3 3 3 2 3 2 2 2 0 1 3 3 3 3 1 0 2 2 3 2 3 2 3 3 1 1 1 0 1 0 3 2 0 0 3 2 1 1 1 0 1 1 3 3 3 3 2 3 2 2 1 1 1 0 2 3 1 1 0 1 1 0 0 1 0 1 0 1 1 1 1 0 1 1 0 1 3 3 3 3 0 0 1 0 2 3 1 0 2 2 0 1 0 1 3 2 0 1 3 3 2 3 2 2 3 2 0 6 7 7 7 7 7 7 7 7 7 7 7 7 7 7 7 7 7 7 7 7 7 7 7 7 7 7 7 7 7 7 7 7 7 7 7 7 7 7 7 7 7 7 7 7 7 7 7 7 7 7 7 7 7 7 7 7 7 7 7 7 7 7 7 7 7 7 7 7 7 7 7 7 7 7 7 7 7 7 7 7 7 7 7 7 7 7 7 7 7 7 7 7 7 7 7 7 7 7 7 7 7 7 7 7 7 7 7 7 7 7 7 7 7 7 7 7 7 7 
13.60
108.10

1 1 3 2 3 3 2 2 3 3 1 1 3 2 2 2 1 0 1 0 1 0 3 2 1 1 0 0 1 1 0 0 1 0 1 0 1 0 1 0 1 0 1 0 1 0 3 2 1 0 3 2 3 2 3 3 3 3 3 3 2 3 2 3 1 0 1 1 1 1 3 2 0 1 3 3 3 2 3 2 2 2 0 1 3 3 3 3 1 0 2 2 3 2 3 2 3 3 1 1 1 0 1 0 3 2 0 0 3 2 1 1 1 0 1 1 3 3 3 3 2 2 2 2 3 3 1 1 1 1 0 1 0 1 1 1 1 1 0 0 0 0 1 1 2 3 1 1 3 2 0 1 3 3 3 3 3 3 0 1 2 3 0 0 3 3 2 2 1 1 2 3 0 0 1 1 2 2 0 0 1 1 3 2 2 2 3 3 0 1 0 1 0 1 3 3 0 1 2 3 0 0 0 0 1 1 0 1 1 1 2 3 2 2 3 2 2 3 0 0 2 4 5 5 5 5 5 5 5 5 5 5 5 5 5 5 5 5 5 5 5 5 5 5 5 5 5 5 5 5 5 5 5 5 5 5 5 5 5 5 5 5 5 5 5 5 5 5 5 5 5 5 5 5 5 5 5 5 5 5 5 5 5 5 5 5 5 5 5 5 5 5 5 5 5 5 5 5 5 5 
13.57
36.66

1 1 3 2 3 3 2 2 3 3 1 1 3 2 2 2 1 0 1 0 1 0 3 2 1 1 0 0 1 1 0 0 1 0 1 0 1 0 1 0 1 0 1 0 1 0 3 2 1 0 3 2 3 2 3 3 3 3 3 3 2 3 2 3 1 0 1 1 1 1 3 2 0 1 3 3 3 2 3 2 2 2 0 1 3 3 3 3 1 0 2 2 3 2 3 2 3 3 1 1 1 0 1 0 3 2 0 0 3 2 1 1 1 0 1 1 3 3 3 3 2 2 2 2 3 3 1 1 1 1 0 1 0 1 1 1 1 1 0 0 0 0 1 1 2 3 1 1 3 2 0 1 3 3 3 3 3 3 0 1 2 3 0 0 3 3 2 2 1 1 2 3 0 0 1 1 2 2 0 0 1 1 3 2 2 2 3 3 0 1 0 1 0 1 3 3 0 1 2 3 0 0 0 0 1 1 0 1 1 1 2 3 2 2 3 2 2 3 0 0 2 4 5 5 5 5 5 5 5 5 5 5 5 5 5 5 5 5 5 5 5 5 5 5 5 5 5 5 5 5 5 5 5 5 5 5 5 5 5 5 5 5 5 5 5 5 5 5 5 5 5 5 5 5 5 5 5 5 5 5 5 5 5 5 5 5 5 5 5 5 5 5 5 5 5 5 5 5 5 5 
13.61
36.66

1 1 3 2 3 3 2 2 3 3 1 1 3 2 2 2 1 0 1 0 1 0 3 2 1 1 0 0 1 1 0 0 1 0 1 0 1 0 1 0 1 0 1 0 1 0 3 2 1 0 3 2 3 2 3 3 3 3 3 3 2 3 2 3 1 0 1 1 1 1 3 2 0 1 3 3 3 2 3 2 2 2 0 1 3 3 3 3 1 0 2 2 3 2 3 2 3 3 1 1 1 0 1 0 3 2 0 0 3 2 1 1 1 0 1 1 3 3 3 3 2 2 2 3 2 3 2 2 3 3 3 2 3 2 3 2 3 3 2 3 2 3 2 2 2 3 3 2 3 2 2 3 3 2 2 2 3 3 1 1 1 0 2 3 1 1 1 1 1 1 3 2 3 3 2 2 3 2 3 2 3 3 3 3 0 0 2 2 0 6 7 7 7 7 7 7 7 7 7 7 7 7 7 7 7 7 7 7 7 7 7 7 7 7 7 7 7 7 7 7 7 7 7 7 7 7 7 7 7 7 7 7 7 7 7 7 7 7 7 7 7 7 7 7 7 7 7 7 7 7 7 7 7 7 7 7 7 7 7 7 7 7 7 7 7 7 7 7 7 7 7 7 7 7 7 7 7 7 7 7 7 7 7 7 7 7 7 7 7 7 7 7 7 7 7 7 7 7 7 7 
13.75
108.90

1 1 3 2 3 3 2 2 3 3 1 1 3 2 2 2 1 0 1 0 1 0 3 2 1 1 0 0 1 1 0 0 1 0 1 0 1 0 1 0 1 0 1 0 1 0 3 2 1 0 3 2 3 2 3 3 3 3 3 3 2 3 2 3 1 0 1 1 1 1 3 2 0 1 3 3 3 2 3 2 2 2 0 1 3 3 3 3 1 0 2 2 3 2 3 2 3 3 1 1 1 0 1 0 3 2 0 0 3 2 1 1 1 0 1 1 3 3 3 3 2 3 2 2 1 1 1 0 2 3 1 1 0 1 1 0 0 1 0 1 0 1 1 1 1 0 1 1 0 1 3 3 3 3 0 0 1 0 2 3 1 0 2 2 0 1 0 1 3 2 0 1 3 3 2 3 2 2 3 2 0 1 0 1 0 6 7 7 7 7 7 7 7 7 7 7 7 7 7 7 7 7 7 7 7 7 7 7 7 7 7 7 7 7 7 7 7 7 7 7 7 7 7 7 7 7 7 7 7 7 7 7 7 7 7 7 7 7 7 7 7 7 7 7 7 7 7 7 7 7 7 7 7 7 7 7 7 7 7 7 7 7 7 7 7 7 7 7 7 7 7 7 7 7 7 7 7 7 7 7 7 7 7 7 7 7 7 7 7 7 7 7 7 7 7 7 7 7 7 7 
13.74
108.50

1 1 3 2 3 3 2 2 3 3 1 1 3 2 2 2 1 0 1 0 1 0 3 2 1 1 0 0 1 1 0 0 1 0 1 0 1 0 1 0 1 0 1 0 1 0 3 2 1 0 3 2 3 2 3 3 3 3 3 3 2 3 2 3 1 0 1 1 1 1 3 2 0 1 3 3 3 2 3 2 2 2 0 1 3 3 3 3 1 0 2 2 3 2 3 2 3 3 1 1 1 0 1 0 3 2 0 0 3 2 1 1 1 0 1 1 3 3 3 3 2 2 2 3 2 3 2 2 3 3 3 2 3 2 3 2 3 3 2 3 2 3 2 2 2 3 3 2 3 2 2 3 3 2 2 2 3 3 1 1 1 0 2 3 1 1 1 1 1 1 3 2 3 3 2 2 3 2 3 2 3 3 3 3 0 0 2 2 0 6 7 7 7 7 7 7 7 7 7 7 7 7 7 7 7 7 7 7 7 7 7 7 7 7 7 7 7 7 7 7 7 7 7 7 7 7 7 7 7 7 7 7 7 7 7 7 7 7 7 7 7 7 7 7 7 7 7 7 7 7 7 7 7 7 7 7 7 7 7 7 7 7 7 7 7 7 7 7 7 7 7 7 7 7 7 7 7 7 7 7 7 7 7 7 7 7 7 7 7 7 7 7 7 7 7 7 7 7 7 7 
13.80
108.90

1 1 3 2 3 3 2 2 3 3 1 1 3 2 2 2 1 0 1 0 1 0 3 2 1 1 0 0 1 1 0 0 1 0 1 0 1 0 1 0 1 0 1 0 1 0 3 2 1 0 3 2 3 2 3 3 3 3 3 3 2 3 2 3 1 0 1 1 1 1 3 2 0 1 3 3 3 2 3 2 2 2 0 1 3 3 3 3 1 0 2 2 3 2 3 2 3 3 1 1 1 0 1 0 3 2 0 0 3 2 1 1 1 0 1 1 3 3 3 3 2 3 2 2 2 3 3 3 2 2 2 2 0 0 3 2 3 3 2 3 2 2 3 2 0 1 3 3 2 2 1 1 0 1 3 3 2 3 1 0 2 3 1 1 2 3 1 1 1 1 0 1 0 1 2 3 1 1 0 0 0 0 0 0 1 1 0 0 0 1 2 2 3 2 3 3 1 1 0 1 0 0 2 2 2 3 3 2 3 2 3 3 1 1 1 0 0 1 0 1 0 4 5 5 5 5 5 5 5 5 5 5 5 5 5 5 5 5 5 5 5 5 5 5 5 5 5 5 5 5 5 5 5 5 5 5 5 5 5 5 5 5 5 5 5 5 5 5 5 5 5 5 5 5 5 5 5 5 5 5 5 5 5 5 5 5 5 5 5 5 5 5 5 5 5 5 5 5 5 5 
13.75
35.70

1 1 3 2 3 3 2 2 3 3 1 1 3 2 2 2 1 0 1 0 1 0 3 2 1 1 0 0 1 1 0 0 1 0 1 0 1 0 1 0 1 0 1 0 1 0 3 2 1 0 3 2 3 2 3 3 3 3 3 3 2 3 2 3 1 0 1 1 1 1 3 2 0 1 3 3 3 2 3 2 2 2 0 1 3 3 3 3 1 0 2 2 3 2 3 2 3 3 1 1 1 0 1 0 3 2 0 0 3 2 1 1 1 0 1 1 3 3 3 3 2 2 2 3 2 3 3 2 2 2 3 3 3 2 3 3 2 2 1 1 1 1 0 1 0 1 1 1 1 0 2 3 0 0 0 1 1 1 1 1 3 3 3 3 0 0 2 3 1 0 2 2 0 6 7 7 7 7 7 7 7 7 7 7 7 7 7 7 7 7 7 7 7 7 7 7 7 7 7 7 7 7 7 7 7 7 7 7 7 7 7 7 7 7 7 7 7 7 7 7 7 7 7 7 7 7 7 7 7 7 7 7 7 7 7 7 7 7 7 7 7 7 7 7 7 7 7 7 7 7 7 7 7 7 7 7 7 7 7 7 7 7 7 7 7 7 7 7 7 7 7 7 7 7 7 7 7 7 7 7 7 7 7 7 7 7 7 7 7 7 7 7 7 7 7 7 7 7 7 7 
13.76
107.30

1 1 3 2 3 3 2 2 3 3 1 1 3 2 2 2 1 0 1 0 1 0 3 2 1 1 0 0 1 1 0 0 1 0 1 0 1 0 1 0 1 0 1 0 1 0 3 2 1 0 3 2 3 2 3 3 3 3 3 3 2 3 2 3 1 0 1 1 1 1 3 2 0 1 3 3 3 2 3 2 2 2 0 1 3 3 3 3 1 0 2 2 3 2 3 2 3 3 1 1 1 0 1 0 3 2 0 0 3 2 1 1 1 0 1 1 3 3 3 3 2 2 2 3 2 3 2 2 3 3 3 2 3 2 3 2 3 3 2 3 2 3 2 2 2 3 3 2 3 2 2 3 3 2 2 2 3 3 1 1 1 0 2 3 1 1 1 1 1 1 3 2 3 3 2 2 3 2 3 2 3 3 3 3 0 0 2 2 0 6 7 7 7 7 7 7 7 7 7 7 7 7 7 7 7 7 7 7 7 7 7 7 7 7 7 7 7 7 7 7 7 7 7 7 7 7 7 7 7 7 7 7 7 7 7 7 7 7 7 7 7 7 7 7 7 7 7 7 7 7 7 7 7 7 7 7 7 7 7 7 7 7 7 7 7 7 7 7 7 7 7 7 7 7 7 7 7 7 7 7 7 7 7 7 7 7 7 7 7 7 7 7 7 7 7 7 7 7 7 7 
13.79
108.90

1 1 3 2 3 3 2 2 3 3 1 1 3 2 2 2 1 0 1 0 1 0 3 2 1 1 0 0 1 1 0 0 1 0 1 0 1 0 1 0 1 0 1 0 1 0 3 2 1 0 3 2 3 2 3 3 3 3 3 3 2 3 2 3 1 0 1 1 1 1 3 2 0 1 3 3 3 2 3 2 2 2 0 1 3 3 3 3 1 0 2 2 3 2 3 2 3 3 1 1 1 0 1 0 3 2 0 0 3 2 1 1 1 0 1 1 3 3 3 3 2 3 2 2 1 0 2 3 2 2 0 1 3 3 3 3 2 3 2 2 1 1 0 1 1 1 1 1 2 2 0 0 1 0 1 0 1 1 0 1 0 1 0 0 1 1 3 2 3 3 0 0 0 0 1 1 1 1 1 0 1 0 2 3 0 0 0 1 0 1 1 0 0 0 2 2 2 3 3 3 1 4 5 5 5 5 5 5 5 5 5 5 5 5 5 5 5 5 5 5 5 5 5 5 5 5 5 5 5 5 5 5 5 5 5 5 5 5 5 5 5 5 5 5 5 5 5 5 5 5 5 5 5 5 5 5 5 5 5 5 5 5 5 5 5 5 5 5 5 5 5 5 5 5 5 5 5 5 5 5 5 5 5 5 5 5 5 5 5 5 5 5 5 5 5 5 5 5 5 5 
13.77
34.58

1 1 3 2 3 3 2 2 3 3 1 1 3 2 2 2 1 0 1 0 1 0 3 2 1 1 0 0 1 1 0 0 1 0 1 0 1 0 1 0 1 0 1 0 1 0 3 2 1 0 3 2 3 2 3 3 3 3 3 3 2 3 2 3 1 0 1 1 1 1 3 2 0 1 3 3 3 2 3 2 2 2 0 1 3 3 3 3 1 0 2 2 3 2 3 2 3 3 1 1 1 0 1 0 3 2 0 0 3 2 1 1 1 0 1 1 3 3 3 3 2 2 2 3 2 3 2 2 3 3 3 2 3 2 3 2 3 3 2 3 2 3 2 2 2 3 3 2 3 2 2 3 3 2 2 2 3 3 1 1 1 0 2 3 1 1 1 1 1 1 3 2 3 3 2 2 3 2 3 2 3 3 3 3 0 0 2 2 0 6 7 7 7 7 7 7 7 7 7 7 7 7 7 7 7 7 7 7 7 7 7 7 7 7 7 7 7 7 7 7 7 7 7 7 7 7 7 7 7 7 7 7 7 7 7 7 7 7 7 7 7 7 7 7 7 7 7 7 7 7 7 7 7 7 7 7 7 7 7 7 7 7 7 7 7 7 7 7 7 7 7 7 7 7 7 7 7 7 7 7 7 7 7 7 7 7 7 7 7 7 7 7 7 7 7 7 7 7 7 7 
13.82
108.90

1 1 3 2 3 3 2 2 3 3 1 1 3 2 2 2 1 0 1 0 1 0 3 2 1 1 0 0 1 1 0 0 1 0 1 0 1 0 1 0 1 0 1 0 1 0 3 2 1 0 3 2 3 2 3 3 3 3 3 3 2 3 2 3 1 0 1 1 1 1 3 2 0 1 3 3 3 2 3 2 2 2 0 1 3 3 3 3 1 0 2 2 3 2 3 2 3 3 1 1 1 0 1 0 3 2 0 0 3 2 1 1 1 0 1 1 3 3 3 3 2 2 2 3 3 2 1 1 2 3 1 0 0 1 2 3 1 0 0 1 2 2 3 2 2 3 3 3 0 1 2 3 1 1 0 1 1 0 1 0 0 1 0 0 0 0 1 1 0 1 1 0 1 1 1 0 0 0 0 1 0 1 1 0 1 1 0 1 0 0 1 0 0 1 1 0 2 3 0 1 2 2 2 3 3 2 3 3 1 1 0 0 1 0 0 1 0 1 1 0 0 0 2 3 1 0 2 2 0 1 3 3 3 2 1 1 2 3 1 1 0 4 5 5 5 5 5 5 5 5 5 5 5 5 5 5 5 5 5 5 5 5 5 5 5 5 5 5 5 5 5 5 5 5 5 5 5 5 5 5 5 5 5 5 5 5 5 5 5 5 5 5 5 5 5 5 5 5 5 5 
13.84
36.82

1 1 3 2 3 3 2 2 3 3 1 1 3 2 2 2 1 0 1 0 1 0 3 2 1 1 0 0 1 1 0 0 1 0 1 0 1 0 1 0 1 0 1 0 1 0 3 2 1 0 3 2 3 2 3 3 3 3 3 3 2 3 2 3 1 0 1 1 1 1 3 2 0 1 3 3 3 2 3 2 2 2 0 1 3 3 3 3 1 0 2 2 3 2 3 2 3 3 1 1 1 0 1 0 3 2 0 0 3 2 1 1 1 0 1 1 3 3 3 3 2 3 2 2 3 2 1 0 1 1 1 1 1 1 2 3 0 1 0 1 2 2 3 3 2 2 3 2 0 0 1 0 1 1 3 2 0 1 3 2 3 3 1 0 1 1 3 3 3 2 3 3 0 0 1 1 0 0 1 0 1 0 2 2 0 6 7 7 7 7 7 7 7 7 7 7 7 7 7 7 7 7 7 7 7 7 7 7 7 7 7 7 7 7 7 7 7 7 7 7 7 7 7 7 7 7 7 7 7 7 7 7 7 7 7 7 7 7 7 7 7 7 7 7 7 7 7 7 7 7 7 7 7 7 7 7 7 7 7 7 7 7 7 7 7 7 7 7 7 7 7 7 7 7 7 7 7 7 7 7 7 7 7 7 7 7 7 7 7 7 7 7 7 7 7 7 7 7 7 7 
13.83
108.50

1 1 3 2 3 3 2 2 3 3 1 1 3 2 2 2 1 0 1 0 1 0 3 2 1 1 0 0 1 1 0 0 1 0 1 0 1 0 1 0 1 0 1 0 1 0 3 2 1 0 3 2 3 2 3 3 3 3 3 3 2 3 2 3 1 0 1 1 1 1 3 2 0 1 3 3 3 2 3 2 2 2 0 1 3 3 3 3 1 0 2 2 3 2 3 2 3 3 1 1 1 0 1 0 3 2 0 0 3 2 1 1 1 0 1 1 3 3 3 3 2 2 2 3 3 2 1 1 2 3 1 0 0 1 2 3 1 0 0 1 2 2 3 2 2 3 3 3 0 1 2 3 1 1 0 1 1 0 1 0 0 1 0 0 0 0 1 1 0 1 1 0 1 1 1 0 0 0 0 1 0 1 1 0 1 1 0 1 0 0 1 0 0 1 1 0 2 3 0 1 2 2 2 3 3 2 3 3 1 1 0 0 1 0 0 1 0 1 1 0 0 0 2 3 1 0 2 2 0 1 3 3 3 2 1 1 2 3 1 1 0 4 5 5 5 5 5 5 5 5 5 5 5 5 5 5 5 5 5 5 5 5 5 5 5 5 5 5 5 5 5 5 5 5 5 5 5 5 5 5 5 5 5 5 5 5 5 5 5 5 5 5 5 5 5 5 5 5 5 5 
13.79
36.82

1 1 3 2 3 3 2 2 3 3 1 1 3 2 2 2 1 0 1 0 1 0 3 2 1 1 0 0 1 1 0 0 1 0 1 0 1 0 1 0 1 0 1 0 1 0 3 2 1 0 3 2 3 2 3 3 3 3 3 3 2 3 2 3 1 0 1 1 1 1 3 2 0 1 3 3 3 2 3 2 2 2 0 1 3 3 3 3 1 0 2 2 3 2 3 2 3 3 1 1 1 0 1 0 3 2 0 0 3 2 1 1 1 0 1 1 3 3 3 3 2 2 1 0 1 1 1 0 0 0 2 3 1 0 2 3 2 2 3 2 3 3 3 3 2 2 2 3 2 3 2 3 1 1 0 0 2 3 1 0 1 0 2 3 3 3 2 2 3 2 3 2 1 1 1 1 1 1 0 0 1 1 1 0 0 1 1 0 1 1 3 3 3 3 0 1 2 3 2 3 0 1 0 0 2 3 2 3 2 2 0 6 7 7 7 7 7 7 7 7 7 7 7 7 7 7 7 7 7 7 7 7 7 7 7 7 7 7 7 7 7 7 7 7 7 7 7 7 7 7 7 7 7 7 7 7 7 7 7 7 7 7 7 7 7 7 7 7 7 7 7 7 7 7 7 7 7 7 7 7 7 7 7 7 7 7 7 7 7 7 7 7 7 7 7 7 7 7 7 7 
13.87
111.10

1 1 3 2 3 3 2 2 3 3 1 1 3 2 2 2 1 0 1 0 1 0 3 2 1 1 0 0 1 1 0 0 1 0 1 0 1 0 1 0 1 0 1 0 1 0 3 2 1 0 3 2 3 2 3 3 3 3 3 3 2 3 2 3 1 0 1 1 1 1 3 2 0 1 3 3 3 2 3 2 2 2 0 1 3 3 3 3 1 0 2 2 3 2 3 2 3 3 1 1 1 0 1 0 3 2 0 0 3 2 1 1 1 0 1 1 3 3 3 3 2 3 2 2 1 1 1 0 2 3 1 1 0 1 1 0 0 1 0 1 0 1 1 1 1 0 1 1 0 1 3 3 3 3 0 0 1 0 2 3 1 0 2 2 0 1 0 1 3 2 0 1 3 3 2 3 2 2 3 2 0 1 0 1 0 1 0 1 3 2 0 1 3 2 0 1 0 6 7 7 7 7 7 7 7 7 7 7 7 7 7 7 7 7 7 7 7 7 7 7 7 7 7 7 7 7 7 7 7 7 7 7 7 7 7 7 7 7 7 7 7 7 7 7 7 7 7 7 7 7 7 7 7 7 7 7 7 7 7 7 7 7 7 7 7 7 7 7 7 7 7 7 7 7 7 7 7 7 7 7 7 7 7 7 7 7 7 7 7 7 7 7 7 7 7 7 7 7 7 7 
13.89
109.70

1 1 3 2 3 3 2 2 3 3 1 1 3 2 2 2 1 0 1 0 1 0 3 2 1 1 0 0 1 1 0 0 1 0 1 0 1 0 1 0 1 0 1 0 1 0 3 2 1 0 3 2 3 2 3 3 3 3 3 3 2 3 2 3 1 0 1 1 1 1 3 2 0 1 3 3 3 2 3 2 2 2 0 1 3 3 3 3 1 0 2 2 3 2 3 2 3 3 1 1 1 0 1 0 3 2 0 0 3 2 1 1 1 0 1 1 3 3 3 3 2 3 2 2 3 2 1 0 1 1 1 1 1 1 2 3 0 1 0 1 2 2 3 3 2 2 3 2 0 0 1 0 1 1 3 2 0 1 3 2 3 3 1 0 1 1 3 3 3 2 3 3 0 0 1 1 0 0 1 0 1 0 2 2 0 1 0 1 0 1 0 6 7 7 7 7 7 7 7 7 7 7 7 7 7 7 7 7 7 7 7 7 7 7 7 7 7 7 7 7 7 7 7 7 7 7 7 7 7 7 7 7 7 7 7 7 7 7 7 7 7 7 7 7 7 7 7 7 7 7 7 7 7 7 7 7 7 7 7 7 7 7 7 7 7 7 7 7 7 7 7 7 7 7 7 7 7 7 7 7 7 7 7 7 7 7 7 7 7 7 7 7 7 7 7 7 7 7 7 7 
13.94
109.10

1 1 3 2 3 3 2 2 3 3 1 1 3 2 2 2 1 0 1 0 1 0 3 2 1 1 0 0 1 1 0 0 1 0 1 0 1 0 1 0 1 0 1 0 1 0 3 2 1 0 3 2 3 2 3 3 3 3 3 3 2 3 2 3 1 0 1 1 1 1 3 2 0 1 3 3 3 2 3 2 2 2 0 1 3 3 3 3 1 0 2 2 3 2 3 2 3 3 1 1 1 0 1 0 3 2 0 0 3 2 1 1 1 0 1 1 3 3 3 3 2 3 2 2 1 1 2 3 1 1 1 0 0 0 2 3 2 2 3 3 1 1 0 1 1 1 2 2 0 0 1 1 3 3 1 0 2 2 3 3 2 3 2 3 1 0 2 3 1 1 0 1 0 0 2 3 1 1 3 2 3 3 2 3 3 2 3 3 3 2 2 3 2 2 2 2 3 3 2 2 3 3 3 3 0 1 3 2 3 2 0 1 0 0 2 2 0 6 7 7 7 7 7 7 7 7 7 7 7 7 7 7 7 7 7 7 7 7 7 7 7 7 7 7 7 7 7 7 7 7 7 7 7 7 7 7 7 7 7 7 7 7 7 7 7 7 7 7 7 7 7 7 7 7 7 7 7 7 7 7 7 7 7 7 7 7 7 7 7 7 7 7 7 7 7 7 7 7 7 7 
14.02
111.70

1 1 3 2 3 3 2 2 3 3 1 1 3 2 2 2 1 0 1 0 1 0 3 2 1 1 0 0 1 1 0 0 1 0 1 0 1 0 1 0 1 0 1 0 1 0 3 2 1 0 3 2 3 2 3 3 3 3 3 3 2 3 2 3 1 0 1 1 1 1 3 2 0 1 3 3 3 2 3 2 2 2 0 1 3 3 3 3 1 0 2 2 3 2 3 2 3 3 1 1 1 0 1 0 3 2 0 0 3 2 1 1 1 0 1 1 3 3 3 3 2 3 2 2 3 2 1 1 2 2 3 3 1 1 1 1 1 0 1 1 3 3 3 3 2 3 3 3 0 1 0 1 0 1 2 2 2 3 0 1 2 2 3 3 3 2 2 2 3 2 3 2 2 3 3 3 3 3 0 1 0 0 1 0 1 1 0 1 2 3 2 3 2 2 2 3 0 0 1 0 2 2 3 3 2 3 2 2 0 1 0 6 7 7 7 7 7 7 7 7 7 7 7 7 7 7 7 7 7 7 7 7 7 7 7 7 7 7 7 7 7 7 7 7 7 7 7 7 7 7 7 7 7 7 7 7 7 7 7 7 7 7 7 7 7 7 7 7 7 7 7 7 7 7 7 7 7 7 7 7 7 7 7 7 7 7 7 7 7 7 7 7 7 7 7 7 7 7 7 7 
13.98
111.10

1 1 3 2 3 3 2 2 3 3 1 1 3 2 2 2 1 0 1 0 1 0 3 2 1 1 0 0 1 1 0 0 1 0 1 0 1 0 1 0 1 0 1 0 1 0 3 2 1 0 3 2 3 2 3 3 3 3 3 3 2 3 2 3 1 0 1 1 1 1 3 2 0 1 3 3 3 2 3 2 2 2 0 1 3 3 3 3 1 0 2 2 3 2 3 2 3 3 1 1 1 0 1 0 3 2 0 0 3 2 1 1 1 0 1 1 3 3 3 3 2 3 2 3 2 2 1 0 1 1 0 1 2 3 1 1 1 1 2 2 3 3 1 1 3 3 3 2 3 3 0 0 1 0 1 0 2 3 1 1 3 3 2 2 0 0 2 3 2 3 1 0 2 3 2 2 0 1 3 2 0 1 0 1 0 1 0 6 7 7 7 7 7 7 7 7 7 7 7 7 7 7 7 7 7 7 7 7 7 7 7 7 7 7 7 7 7 7 7 7 7 7 7 7 7 7 7 7 7 7 7 7 7 7 7 7 7 7 7 7 7 7 7 7 7 7 7 7 7 7 7 7 7 7 7 7 7 7 7 7 7 7 7 7 7 7 7 7 7 7 7 7 7 7 7 7 7 7 7 7 7 7 7 7 7 7 7 7 7 7 7 7 7 7 7 7 7 7 7 7 
14.05
108.70

1 1 3 2 3 3 2 2 3 3 1 1 3 2 2 2 1 0 1 0 1 0 3 2 1 1 0 0 1 1 0 0 1 0 1 0 1 0 1 0 1 0 1 0 1 0 3 2 1 0 3 2 3 2 3 3 3 3 3 3 2 3 2 3 1 0 1 1 1 1 3 2 0 1 3 3 3 2 3 2 2 2 0 1 3 3 3 3 1 0 2 2 3 2 3 2 3 3 1 1 1 0 1 0 3 2 0 0 3 2 1 1 1 0 1 1 3 3 1 1 0 1 1 1 1 1 2 3 2 2 3 3 1 1 3 3 3 3 2 3 0 0 2 3 1 0 2 2 3 2 0 1 3 3 2 3 2 2 3 2 3 2 3 3 2 2 3 2 0 6 7 7 7 7 7 7 7 7 7 7 7 7 7 7 7 7 7 7 7 7 7 7 7 7 7 7 7 7 7 7 7 7 7 7 7 7 7 7 7 7 7 7 7 7 7 7 7 7 7 7 7 7 7 7 7 7 7 7 7 7 7 7 7 7 7 7 7 7 7 7 7 7 7 7 7 7 7 7 7 7 7 7 7 7 7 7 7 7 7 7 7 7 7 7 7 7 7 7 7 7 7 7 7 7 7 7 7 7 7 7 7 7 7 7 7 7 7 7 7 7 7 7 7 7 7 7 7 7 7 7 
14.00
106.90

1 1 3 2 3 3 2 2 3 3 1 1 3 2 2 2 1 0 1 0 1 0 3 2 1 1 0 0 1 1 0 0 1 0 1 0 1 0 1 0 1 0 1 0 1 0 3 2 1 0 3 2 3 2 3 3 3 3 3 3 2 3 2 3 1 0 1 1 1 1 3 2 0 1 3 3 3 2 3 2 2 2 0 1 3 3 3 3 1 0 2 2 3 2 3 2 3 3 1 1 1 0 1 0 3 2 0 0 3 2 1 1 1 0 1 1 3 3 3 3 2 3 2 2 3 2 1 1 2 2 3 3 1 1 1 1 1 0 1 1 3 3 3 3 2 3 3 3 0 1 0 1 0 1 2 2 2 3 0 1 2 2 3 3 3 2 2 2 3 2 3 2 2 3 3 3 3 3 0 1 0 0 1 0 1 1 0 1 2 3 2 3 2 2 2 3 0 0 1 0 2 2 3 3 2 3 2 2 0 1 0 6 7 7 7 7 7 7 7 7 7 7 7 7 7 7 7 7 7 7 7 7 7 7 7 7 7 7 7 7 7 7 7 7 7 7 7 7 7 7 7 7 7 7 7 7 7 7 7 7 7 7 7 7 7 7 7 7 7 7 7 7 7 7 7 7 7 7 7 7 7 7 7 7 7 7 7 7 7 7 7 7 7 7 7 7 7 7 7 7 
14.09
111.10

1 1 3 2 3 3 2 2 3 3 1 1 3 2 2 2 1 0 1 0 1 0 3 2 1 1 0 0 1 1 0 0 1 0 1 0 1 0 1 0 1 0 1 0 1 0 3 2 1 0 3 2 3 2 3 3 3 3 3 3 2 3 2 3 1 0 1 1 1 1 3 2 0 1 3 3 3 2 3 2 2 2 0 1 3 3 3 3 1 0 2 2 3 2 3 2 3 3 1 1 1 0 1 0 3 2 0 0 3 2 1 1 1 0 1 1 3 3 3 3 2 3 2 2 2 3 1 1 2 3 2 3 2 2 3 2 2 3 3 3 2 3 2 2 3 2 3 3 1 0 1 1 0 0 2 2 3 2 2 3 3 3 1 1 0 1 1 1 2 2 3 3 2 3 2 3 1 1 0 1 3 2 0 0 2 3 1 0 2 3 1 1 0 1 3 3 3 3 0 0 2 2 3 2 0 6 7 7 7 7 7 7 7 7 7 7 7 7 7 7 7 7 7 7 7 7 7 7 7 7 7 7 7 7 7 7 7 7 7 7 7 7 7 7 7 7 7 7 7 7 7 7 7 7 7 7 7 7 7 7 7 7 7 7 7 7 7 7 7 7 7 7 7 7 7 7 7 7 7 7 7 7 7 7 7 7 7 7 7 7 7 7 7 7 7 7 7 7 7 7 
14.10
110.50

1 1 3 2 3 3 2 2 3 3 1 1 3 2 2 2 1 0 1 0 1 0 3 2 1 1 0 0 1 1 0 0 1 0 1 0 1 0 1 0 1 0 1 0 1 0 3 2 1 0 3 2 3 2 3 3 3 3 3 3 2 3 2 3 1 0 1 1 1 1 3 2 0 1 3 3 3 2 3 2 2 2 0 1 3 3 3 3 1 0 2 2 3 2 3 2 3 3 1 1 1 0 1 0 3 2 0 0 3 2 1 1 1 0 1 1 3 3 3 3 2 3 2 2 3 2 1 1 2 3 1 0 1 0 1 1 0 1 0 1 1 0 1 1 0 0 1 0 0 0 2 3 1 1 0 1 1 0 1 1 1 1 3 2 3 3 3 3 3 2 3 2 2 2 3 2 2 3 3 2 3 2 3 3 3 2 0 0 1 0 2 2 3 2 0 1 0 6 7 7 7 7 7 7 7 7 7 7 7 7 7 7 7 7 7 7 7 7 7 7 7 7 7 7 7 7 7 7 7 7 7 7 7 7 7 7 7 7 7 7 7 7 7 7 7 7 7 7 7 7 7 7 7 7 7 7 7 7 7 7 7 7 7 7 7 7 7 7 7 7 7 7 7 7 7 7 7 7 7 7 7 7 7 7 7 7 7 7 7 7 7 7 7 7 7 7 7 7 7 7 
14.08
109.70

1 1 3 2 3 3 2 2 3 3 1 1 3 2 2 2 1 0 1 0 1 0 3 2 1 1 0 0 1 1 0 0 1 0 1 0 1 0 1 0 1 0 1 0 1 0 3 2 1 0 3 2 3 2 3 3 3 3 3 3 2 3 2 3 1 0 1 1 1 1 3 2 0 1 3 3 3 2 3 2 2 2 0 1 3 3 3 3 1 0 2 2 3 2 3 2 3 3 1 1 1 0 1 0 3 2 0 0 3 2 1 1 1 0 1 1 3 3 3 3 2 3 2 2 3 2 1 1 2 3 1 0 1 0 1 1 0 1 0 1 1 0 1 1 0 0 1 0 0 0 2 3 1 1 0 1 1 0 1 1 1 1 3 2 3 3 3 3 3 2 3 2 2 2 3 2 2 3 3 2 3 2 3 3 3 2 0 0 1 0 2 2 3 2 0 1 0 6 7 7 7 7 7 7 7 7 7 7 7 7 7 7 7 7 7 7 7 7 7 7 7 7 7 7 7 7 7 7 7 7 7 7 7 7 7 7 7 7 7 7 7 7 7 7 7 7 7 7 7 7 7 7 7 7 7 7 7 7 7 7 7 7 7 7 7 7 7 7 7 7 7 7 7 7 7 7 7 7 7 7 7 7 7 7 7 7 7 7 7 7 7 7 7 7 7 7 7 7 7 7 
14.17
109.70

1 1 3 2 3 3 2 2 3 3 1 1 3 2 2 2 1 0 1 0 1 0 3 2 1 1 0 0 1 1 0 0 1 0 1 0 1 0 1 0 1 0 1 0 1 0 3 2 1 0 3 2 3 2 3 3 3 3 3 3 2 3 2 3 1 0 1 1 1 1 3 2 0 1 3 3 3 2 3 2 2 2 0 1 3 3 3 3 1 0 2 2 3 2 3 2 3 3 1 1 1 0 1 0 3 2 0 0 3 2 1 1 1 0 1 1 3 3 3 3 2 3 2 3 2 2 2 2 3 3 1 1 1 0 2 2 2 3 3 3 1 1 0 1 1 1 2 2 0 0 1 0 1 0 1 0 1 0 1 0 1 0 1 1 3 3 1 0 0 0 1 1 0 1 2 3 1 0 2 2 0 1 3 3 1 1 0 1 3 3 3 3 3 2 2 2 3 3 0 0 1 0 1 0 2 2 0 6 7 7 7 7 7 7 7 7 7 7 7 7 7 7 7 7 7 7 7 7 7 7 7 7 7 7 7 7 7 7 7 7 7 7 7 7 7 7 7 7 7 7 7 7 7 7 7 7 7 7 7 7 7 7 7 7 7 7 7 7 7 7 7 7 7 7 7 7 7 7 7 7 7 7 7 7 7 7 7 7 7 7 7 7 7 7 7 7 7 7 7 7 
14.11
110.70

1 1 3 2 3 3 2 2 3 3 1 1 3 2 2 2 1 0 1 0 1 0 3 2 1 1 0 0 1 1 0 0 1 0 1 0 1 0 1 0 1 0 1 0 1 0 3 2 1 0 3 2 3 2 3 3 3 3 3 3 2 3 2 3 1 0 1 1 1 1 3 2 0 1 3 3 3 2 3 2 2 2 0 1 3 3 3 3 1 0 2 2 3 2 3 2 3 3 1 1 1 0 1 0 3 2 0 0 3 2 1 1 1 0 1 1 3 3 3 3 2 2 2 3 2 3 3 2 2 2 3 3 3 2 3 3 2 2 1 1 1 1 0 1 0 1 1 1 1 0 2 3 0 0 0 1 1 1 1 1 3 3 3 3 0 0 2 3 1 0 2 2 0 1 3 2 0 1 3 2 0 1 0 6 7 7 7 7 7 7 7 7 7 7 7 7 7 7 7 7 7 7 7 7 7 7 7 7 7 7 7 7 7 7 7 7 7 7 7 7 7 7 7 7 7 7 7 7 7 7 7 7 7 7 7 7 7 7 7 7 7 7 7 7 7 7 7 7 7 7 7 7 7 7 7 7 7 7 7 7 7 7 7 7 7 7 7 7 7 7 7 7 7 7 7 7 7 7 7 7 7 7 7 7 7 7 7 7 7 7 7 7 7 7 7 7 7 7 7 7 
14.07
108.30

1 1 3 2 3 3 2 2 3 3 1 1 3 2 2 2 1 0 1 0 1 0 3 2 1 1 0 0 1 1 0 0 1 0 1 0 1 0 1 0 1 0 1 0 1 0 3 2 1 0 3 2 3 2 3 3 3 3 3 3 2 3 2 3 1 0 1 1 1 1 3 2 0 1 3 3 3 2 3 2 2 2 0 1 3 3 3 3 1 0 2 2 3 2 3 2 3 3 1 1 1 0 1 0 3 2 0 0 3 2 1 1 1 0 1 1 3 3 3 3 2 3 2 2 2 2 0 1 3 2 0 1 0 0 0 0 1 1 3 2 1 0 3 2 0 1 1 1 0 1 0 0 1 1 3 3 3 2 1 1 1 1 1 1 1 0 1 1 3 3 3 3 2 2 3 3 3 3 0 0 3 2 0 1 0 0 0 0 0 1 0 0 1 0 3 2 2 2 3 3 1 1 1 1 1 1 1 1 2 3 2 2 0 0 1 1 0 0 1 0 2 3 2 4 5 5 5 5 5 5 5 5 5 5 5 5 5 5 5 5 5 5 5 5 5 5 5 5 5 5 5 5 5 5 5 5 5 5 5 5 5 5 5 5 5 5 5 5 5 5 5 5 5 5 5 5 5 5 5 5 5 5 5 5 5 5 5 5 5 5 5 5 5 5 5 5 5 5 5 5 
14.09
36.54

1 1 3 2 3 3 2 2 3 3 1 1 3 2 2 2 1 0 1 0 1 0 3 2 1 1 0 0 1 1 0 0 1 0 1 0 1 0 1 0 1 0 1 0 1 0 3 2 1 0 3 2 3 2 3 3 3 3 3 3 2 3 2 3 1 0 1 1 1 1 3 2 0 1 3 3 3 2 3 2 2 2 0 1 3 3 3 3 1 0 2 2 3 2 3 2 3 3 1 1 1 0 1 0 3 2 0 0 3 2 1 1 1 0 1 1 3 3 3 3 2 3 2 2 1 1 2 2 3 2 2 3 2 3 3 3 0 1 2 2 3 3 1 1 1 0 0 1 1 1 2 2 0 0 1 0 1 1 3 3 1 1 3 3 2 2 3 3 3 3 0 0 1 0 2 2 0 1 3 3 2 2 0 6 7 7 7 7 7 7 7 7 7 7 7 7 7 7 7 7 7 7 7 7 7 7 7 7 7 7 7 7 7 7 7 7 7 7 7 7 7 7 7 7 7 7 7 7 7 7 7 7 7 7 7 7 7 7 7 7 7 7 7 7 7 7 7 7 7 7 7 7 7 7 7 7 7 7 7 7 7 7 7 7 7 7 7 7 7 7 7 7 7 7 7 7 7 7 7 7 7 7 7 7 7 7 7 7 7 7 7 7 7 7 7 7 7 7 7 7 
14.10
108.30

1 1 3 2 3 3 2 2 3 3 1 1 3 2 2 2 1 0 1 0 1 0 3 2 1 1 0 0 1 1 0 0 1 0 1 0 1 0 1 0 1 0 1 0 1 0 3 2 1 0 3 2 3 2 3 3 3 3 3 3 2 3 2 3 1 0 1 1 1 1 3 2 0 1 3 3 3 2 3 2 2 2 0 1 3 3 3 3 1 0 2 2 3 2 3 2 3 3 1 1 1 0 1 0 3 2 0 0 3 2 1 1 1 0 1 1 3 3 3 3 2 3 2 2 2 2 0 1 3 2 0 1 0 0 0 0 1 1 3 2 1 0 3 2 0 1 1 1 0 1 0 0 1 1 3 3 3 2 1 1 1 1 1 1 1 0 1 1 3 3 3 3 2 2 3 3 3 3 0 0 3 2 0 1 0 0 0 0 0 1 0 0 1 0 3 2 2 2 3 3 1 1 1 1 1 1 1 1 2 3 2 2 0 0 1 1 0 0 1 0 2 3 2 2 0 6 7 7 7 7 7 7 7 7 7 7 7 7 7 7 7 7 7 7 7 7 7 7 7 7 7 7 7 7 7 7 7 7 7 7 7 7 7 7 7 7 7 7 7 7 7 7 7 7 7 7 7 7 7 7 7 7 7 7 7 7 7 7 7 7 7 7 7 7 7 7 7 7 7 7 
14.19
112.50

1 1 3 2 3 3 2 2 3 3 1 1 3 2 2 2 1 0 1 0 1 0 3 2 1 1 0 0 1 1 0 0 1 0 1 0 1 0 1 0 1 0 1 0 1 0 3 2 1 0 3 2 3 2 3 3 3 3 3 3 2 3 2 3 1 0 1 1 1 1 3 2 0 1 3 3 3 2 3 2 2 2 0 1 3 3 3 3 1 0 2 2 3 2 3 2 3 3 1 1 1 0 1 0 3 2 0 0 3 2 1 1 1 0 1 1 3 3 3 3 2 3 2 2 1 1 2 2 3 2 2 3 2 3 3 3 0 1 2 2 3 3 1 1 1 0 0 1 1 1 2 2 0 0 1 0 1 1 3 3 1 1 3 3 2 2 3 3 3 3 0 0 1 0 2 2 0 1 3 3 2 2 0 6 7 7 7 7 7 7 7 7 7 7 7 7 7 7 7 7 7 7 7 7 7 7 7 7 7 7 7 7 7 7 7 7 7 7 7 7 7 7 7 7 7 7 7 7 7 7 7 7 7 7 7 7 7 7 7 7 7 7 7 7 7 7 7 7 7 7 7 7 7 7 7 7 7 7 7 7 7 7 7 7 7 7 7 7 7 7 7 7 7 7 7 7 7 7 7 7 7 7 7 7 7 7 7 7 7 7 7 7 7 7 7 7 7 7 7 7 
14.21
108.30

1 1 3 2 3 3 2 2 3 3 1 1 3 2 2 2 1 0 1 0 1 0 3 2 1 1 0 0 1 1 0 0 1 0 1 0 1 0 1 0 1 0 1 0 1 0 3 2 1 0 3 2 3 2 3 3 3 3 3 3 2 3 2 3 1 0 1 1 1 1 3 2 0 1 3 3 3 2 3 2 2 2 0 1 3 3 3 3 1 0 2 2 3 2 3 2 3 3 1 1 1 0 1 0 3 2 0 0 3 2 1 1 1 0 1 1 3 3 3 3 2 3 2 2 2 2 0 0 3 3 3 3 2 2 3 3 2 2 2 2 0 0 1 1 1 1 3 3 3 2 3 3 2 3 2 3 2 2 1 1 0 1 1 1 0 0 2 2 3 3 1 1 0 0 2 3 0 0 1 0 3 2 1 1 1 1 1 1 1 1 0 1 0 1 3 3 3 3 2 3 0 0 1 0 1 1 0 0 2 3 2 2 3 2 3 3 2 2 3 2 0 6 7 7 7 7 7 7 7 7 7 7 7 7 7 7 7 7 7 7 7 7 7 7 7 7 7 7 7 7 7 7 7 7 7 7 7 7 7 7 7 7 7 7 7 7 7 7 7 7 7 7 7 7 7 7 7 7 7 7 7 7 7 7 7 7 7 7 7 7 7 7 7 7 7 7 7 7 7 7 
14.21
112.10

1 1 3 2 3 3 2 2 3 3 1 1 3 2 2 2 1 0 1 0 1 0 3 2 1 1 0 0 1 1 0 0 1 0 1 0 1 0 1 0 1 0 1 0 1 0 3 2 1 0 3 2 3 2 3 3 3 3 3 3 2 3 2 3 1 0 1 1 1 1 3 2 0 1 3 3 3 2 3 2 2 2 0 1 3 3 3 3 1 0 2 2 3 2 3 2 3 3 1 1 1 0 1 0 3 2 0 0 3 2 1 1 1 0 1 1 3 3 3 3 2 2 1 1 2 3 1 1 1 1 2 3 2 3 1 1 3 2 0 1 0 1 3 3 2 3 2 3 2 3 2 2 0 0 0 1 0 1 2 2 3 2 0 1 3 3 1 1 3 2 0 0 1 0 0 0 0 1 0 0 2 2 3 2 2 3 2 2 2 2 2 2 2 2 3 2 1 0 0 0 1 0 1 1 2 3 3 2 1 0 3 2 1 0 0 0 1 0 1 1 1 0 3 3 3 3 3 3 2 2 2 3 3 3 2 2 3 3 3 3 3 3 1 4 5 5 5 5 5 5 5 5 5 5 5 5 5 5 5 5 5 5 5 5 5 5 5 5 5 5 5 5 5 5 5 5 5 5 5 5 5 5 5 5 5 5 5 5 5 5 5 5 5 5 5 5 5 5 5 5 
14.21
37.58

1 1 3 2 3 3 2 2 3 3 1 1 3 2 2 2 1 0 1 0 1 0 3 2 1 1 0 0 1 1 0 0 1 0 1 0 1 0 1 0 1 0 1 0 1 0 3 2 1 0 3 2 3 2 3 3 3 3 3 3 2 3 2 3 1 0 1 1 1 1 3 2 0 1 3 3 3 2 3 2 2 2 0 1 3 3 3 3 1 0 2 2 3 2 3 2 3 3 1 1 1 0 1 0 3 2 0 0 3 2 1 1 1 0 1 1 3 3 3 3 2 2 2 3 1 0 1 1 2 2 3 3 2 3 2 3 1 1 0 0 2 3 2 2 2 3 3 3 1 1 0 0 1 1 0 0 1 0 1 1 1 1 0 0 1 1 1 1 0 0 0 1 1 0 0 0 1 0 0 0 1 0 1 1 0 1 0 1 0 1 1 0 0 0 1 1 1 1 1 0 2 3 1 1 0 1 3 3 2 3 3 2 3 3 0 0 2 2 0 1 0 6 7 7 7 7 7 7 7 7 7 7 7 7 7 7 7 7 7 7 7 7 7 7 7 7 7 7 7 7 7 7 7 7 7 7 7 7 7 7 7 7 7 7 7 7 7 7 7 7 7 7 7 7 7 7 7 7 7 7 7 7 7 7 7 7 7 7 7 7 7 7 7 7 7 7 7 7 7 7 
14.21
112.10

1 1 3 2 3 3 2 2 3 3 1 1 3 2 2 2 1 0 1 0 1 0 3 2 1 1 0 0 1 1 0 0 1 0 1 0 1 0 1 0 1 0 1 0 1 0 3 2 1 0 3 2 3 2 3 3 3 3 3 3 2 3 2 3 1 0 1 1 1 1 3 2 0 1 3 3 3 2 3 2 2 2 0 1 3 3 3 3 1 0 2 2 3 2 3 2 3 3 1 1 1 0 1 0 3 2 0 0 3 2 1 1 1 0 1 1 3 3 3 3 2 2 3 2 1 0 1 0 2 3 1 0 3 3 2 2 2 2 0 1 3 2 3 3 1 1 1 1 0 1 0 1 0 1 1 1 2 3 1 0 2 2 0 0 1 0 1 1 0 0 1 1 3 2 0 1 3 2 3 3 2 3 0 1 0 0 1 1 1 1 3 3 2 2 3 3 2 3 3 3 0 1 3 2 3 2 0 0 2 3 1 1 2 2 3 3 0 0 2 3 2 2 0 1 3 3 2 2 0 6 7 7 7 7 7 7 7 7 7 7 7 7 7 7 7 7 7 7 7 7 7 7 7 7 7 7 7 7 7 7 7 7 7 7 7 7 7 7 7 7 7 7 7 7 7 7 7 7 7 7 7 7 7 7 7 7 7 7 7 7 7 7 7 7 7 7 7 7 7 7 
14.34
112.90

1 1 3 2 3 3 2 2 3 3 1 1 3 2 2 2 1 0 1 0 1 0 3 2 1 1 0 0 1 1 0 0 1 0 1 0 1 0 1 0 1 0 1 0 1 0 3 2 1 0 3 2 3 2 3 3 3 3 3 3 2 3 2 3 1 0 1 1 1 1 3 2 0 1 3 3 3 2 3 2 2 2 0 1 3 3 3 3 1 0 2 2 3 2 3 2 3 3 1 1 1 0 1 0 3 2 0 0 3 2 1 1 1 0 1 1 3 3 3 3 2 3 2 2 2 2 0 1 3 2 0 1 0 0 0 0 1 1 3 2 1 0 3 2 0 1 1 1 0 1 0 0 1 1 3 3 3 2 1 1 1 1 1 1 1 0 1 1 3 3 3 3 2 2 3 3 3 3 0 0 3 2 0 1 0 0 0 0 0 1 0 0 1 0 3 2 2 2 3 3 1 1 1 1 1 1 1 1 2 3 2 2 0 0 1 1 0 0 1 0 2 3 2 2 0 1 3 2 0 1 0 6 7 7 7 7 7 7 7 7 7 7 7 7 7 7 7 7 7 7 7 7 7 7 7 7 7 7 7 7 7 7 7 7 7 7 7 7 7 7 7 7 7 7 7 7 7 7 7 7 7 7 7 7 7 7 7 7 7 7 7 7 7 7 7 7 7 7 7 7 
14.33
113.10

1 1 3 2 3 3 2 2 3 3 1 1 3 2 2 2 1 0 1 0 1 0 3 2 1 1 0 0 1 1 0 0 1 0 1 0 1 0 1 0 1 0 1 0 1 0 3 2 1 0 3 2 3 2 3 3 3 3 3 3 2 3 2 3 1 0 1 1 1 1 3 2 0 1 3 3 3 2 3 2 2 2 0 1 3 3 3 3 1 0 2 2 3 2 3 2 3 3 1 1 1 0 1 0 3 2 0 0 3 2 1 1 1 0 1 1 3 3 3 3 2 2 3 3 2 3 2 2 2 2 3 2 3 2 0 1 3 3 1 1 1 1 0 1 1 1 0 1 0 0 1 1 0 1 1 1 0 1 0 0 0 0 1 0 0 1 1 0 0 1 1 0 0 1 0 1 1 0 1 1 1 1 0 0 0 1 0 1 0 0 0 0 0 1 2 3 0 1 1 1 0 1 1 0 1 1 0 1 1 1 3 3 3 2 3 3 0 0 1 0 2 2 0 6 7 7 7 7 7 7 7 7 7 7 7 7 7 7 7 7 7 7 7 7 7 7 7 7 7 7 7 7 7 7 7 7 7 7 7 7 7 7 7 7 7 7 7 7 7 7 7 7 7 7 7 7 7 7 7 7 7 7 7 7 7 7 7 7 7 7 7 7 7 7 7 7 7 7 7 7 
14.29
112.30

1 1 3 2 3 3 2 2 3 3 1 1 3 2 2 2 1 0 1 0 1 0 3 2 1 1 0 0 1 1 0 0 1 0 1 0 1 0 1 0 1 0 1 0 1 0 3 2 1 0 3 2 3 2 3 3 3 3 3 3 2 3 2 3 1 0 1 1 1 1 3 2 0 1 3 3 3 2 3 2 2 2 0 1 3 3 3 3 1 0 2 2 3 2 3 2 3 3 1 1 1 0 1 0 3 2 0 0 3 2 1 1 1 0 1 1 3 3 3 3 2 2 3 2 1 0 1 0 2 3 1 0 3 3 2 2 2 2 0 1 3 2 3 3 1 1 1 1 0 1 0 1 0 1 1 1 2 3 1 0 2 2 0 0 1 0 1 1 0 0 1 1 3 2 0 1 3 2 3 3 2 3 0 1 0 0 1 1 1 1 3 3 2 2 3 3 2 3 3 3 0 1 3 2 3 2 0 0 2 3 1 1 2 2 3 3 0 0 2 3 2 2 0 1 3 3 2 2 0 6 7 7 7 7 7 7 7 7 7 7 7 7 7 7 7 7 7 7 7 7 7 7 7 7 7 7 7 7 7 7 7 7 7 7 7 7 7 7 7 7 7 7 7 7 7 7 7 7 7 7 7 7 7 7 7 7 7 7 7 7 7 7 7 7 7 7 7 7 7 7 
14.40
112.90

1 1 3 2 3 3 2 2 3 3 1 1 3 2 2 2 1 0 1 0 1 0 3 2 1 1 0 0 1 1 0 0 1 0 1 0 1 0 1 0 1 0 1 0 1 0 3 2 1 0 3 2 3 2 3 3 3 3 3 3 2 3 2 3 1 0 1 1 1 1 3 2 0 1 3 3 3 2 3 2 2 2 0 1 3 3 3 3 1 0 2 2 3 2 3 2 3 3 1 1 1 0 1 0 3 2 0 0 3 2 1 1 1 0 1 1 3 3 3 3 2 3 2 2 1 1 0 1 2 2 2 2 3 2 2 2 2 2 3 2 3 3 2 3 3 3 2 3 3 2 3 3 2 3 3 2 3 3 1 1 1 1 1 1 0 0 0 1 2 2 3 2 3 2 3 3 1 0 1 1 0 1 3 3 3 3 0 0 2 3 1 0 1 0 2 3 2 2 3 3 1 1 3 2 2 3 0 0 1 1 2 2 3 2 3 3 2 3 3 2 3 2 0 0 2 2 0 1 3 3 1 0 1 0 1 1 0 1 0 0 2 3 2 3 2 2 0 6 7 7 7 7 7 7 7 7 7 7 7 7 7 7 7 7 7 7 7 7 7 7 7 7 7 7 7 7 7 7 7 7 7 7 7 7 7 7 7 7 7 7 7 7 7 7 7 7 7 7 7 7 
14.41
114.70

1 1 3 2 3 3 2 2 3 3 1 1 3 2 2 2 1 0 1 0 1 0 3 2 1 1 0 0 1 1 0 0 1 0 1 0 1 0 1 0 1 0 1 0 1 0 3 2 1 0 3 2 3 2 3 3 3 3 3 3 2 3 2 3 1 0 1 1 1 1 3 2 0 1 3 3 3 2 3 2 2 2 0 1 3 3 3 3 1 0 2 2 3 2 3 2 3 3 1 1 1 0 1 0 3 2 0 0 3 2 1 1 1 0 1 1 3 3 3 3 2 2 1 0 2 2 3 3 2 3 2 3 2 3 1 0 1 0 2 3 1 1 0 1 1 1 0 1 0 1 1 1 2 2 3 3 1 0 1 1 3 2 3 3 3 2 3 2 2 2 3 3 3 2 3 2 3 2 3 2 3 3 3 2 0 1 3 2 3 2 0 0 2 3 2 3 1 1 3 2 2 3 2 2 3 2 2 2 3 3 3 3 0 1 2 2 2 3 2 2 3 2 0 1 0 1 3 3 3 3 0 1 0 0 2 2 0 6 7 7 7 7 7 7 7 7 7 7 7 7 7 7 7 7 7 7 7 7 7 7 7 7 7 7 7 7 7 7 7 7 7 7 7 7 7 7 7 7 7 7 7 7 7 7 7 7 7 7 7 7 7 7 7 7 7 7 7 7 7 7 
14.37
113.70

1 1 3 2 3 3 2 2 3 3 1 1 3 2 2 2 1 0 1 0 1 0 3 2 1 1 0 0 1 1 0 0 1 0 1 0 1 0 1 0 1 0 1 0 1 0 3 2 1 0 3 2 3 2 3 3 3 3 3 3 2 3 2 3 1 0 1 1 1 1 3 2 0 1 3 3 3 2 3 2 2 2 0 1 3 3 3 3 1 0 2 2 3 2 3 2 3 3 1 1 1 0 1 0 3 2 0 0 3 2 1 1 1 0 1 1 3 3 3 3 2 2 3 2 1 0 1 0 2 3 1 0 3 3 2 2 2 2 0 1 3 2 3 3 1 1 1 1 0 1 0 1 0 1 1 1 2 3 1 0 2 2 0 0 1 0 1 1 0 0 1 1 3 2 0 1 3 2 3 3 2 3 0 1 0 0 1 1 1 1 3 3 2 2 3 3 2 3 3 3 0 1 3 2 3 2 0 0 2 3 1 1 2 2 3 3 0 0 2 3 2 2 0 1 3 3 2 2 0 6 7 7 7 7 7 7 7 7 7 7 7 7 7 7 7 7 7 7 7 7 7 7 7 7 7 7 7 7 7 7 7 7 7 7 7 7 7 7 7 7 7 7 7 7 7 7 7 7 7 7 7 7 7 7 7 7 7 7 7 7 7 7 7 7 7 7 7 7 7 7 
14.44
112.90

1 1 3 2 3 3 2 2 3 3 1 1 3 2 2 2 1 0 1 0 1 0 3 2 1 1 0 0 1 1 0 0 1 0 1 0 1 0 1 0 1 0 1 0 1 0 3 2 1 0 3 2 3 2 3 3 3 3 3 3 2 3 2 3 1 0 1 1 1 1 3 2 0 1 3 3 3 2 3 2 2 2 0 1 3 3 3 3 1 0 2 2 3 2 3 2 3 3 1 1 1 0 1 0 3 2 0 0 3 2 1 1 1 0 1 1 3 3 3 3 2 3 2 3 2 2 2 2 3 2 3 3 3 3 2 3 2 2 1 1 1 1 1 0 0 0 2 3 1 1 1 1 0 1 1 1 3 3 2 2 3 2 3 3 2 3 2 2 0 1 0 1 0 1 3 2 3 3 3 2 2 3 2 2 3 3 2 3 3 2 3 2 3 2 3 2 3 3 0 0 2 2 3 2 3 2 0 6 7 7 7 7 7 7 7 7 7 7 7 7 7 7 7 7 7 7 7 7 7 7 7 7 7 7 7 7 7 7 7 7 7 7 7 7 7 7 7 7 7 7 7 7 7 7 7 7 7 7 7 7 7 7 7 7 7 7 7 7 7 7 7 7 7 7 7 7 7 7 7 7 7 7 7 7 7 7 7 7 7 7 7 7 7 7 7 7 7 7 7 7 
14.48
110.70

1 1 3 2 3 3 2 2 3 3 1 1 3 2 2 2 1 0 1 0 1 0 3 2 1 1 0 0 1 1 0 0 1 0 1 0 1 0 1 0 1 0 1 0 1 0 3 2 1 0 3 2 3 2 3 3 3 3 3 3 2 3 2 3 1 0 1 1 1 1 3 2 0 1 3 3 3 2 3 2 2 2 0 1 3 3 3 3 1 0 2 2 3 2 3 2 3 3 1 1 1 0 1 0 3 2 0 0 3 2 1 1 1 0 1 1 3 3 3 3 2 3 2 2 1 1 0 1 2 2 2 2 3 2 2 2 2 2 3 2 3 3 2 3 3 3 2 3 3 2 3 3 2 3 3 2 3 3 1 1 1 1 1 1 0 0 0 1 2 2 3 2 3 2 3 3 1 0 1 1 0 1 3 3 3 3 0 0 2 3 1 0 1 0 2 3 2 2 3 3 1 1 3 2 2 3 0 0 1 1 2 2 3 2 3 3 2 3 3 2 3 2 0 0 2 2 0 1 3 3 1 0 1 0 1 1 0 1 0 0 2 3 2 3 2 2 0 1 0 6 7 7 7 7 7 7 7 7 7 7 7 7 7 7 7 7 7 7 7 7 7 7 7 7 7 7 7 7 7 7 7 7 7 7 7 7 7 7 7 7 7 7 7 7 7 7 7 7 7 7 
14.34
114.90

1 1 3 2 3 3 2 2 3 3 1 1 3 2 2 2 1 0 1 0 1 0 3 2 1 1 0 0 1 1 0 0 1 0 1 0 1 0 1 0 1 0 1 0 1 0 3 2 1 0 3 2 3 2 3 3 3 3 3 3 2 3 2 3 1 0 1 1 1 1 3 2 0 1 3 3 3 2 3 2 2 2 0 1 3 3 3 3 1 0 2 2 3 2 3 2 3 3 1 1 1 0 1 0 3 2 0 0 3 2 1 1 1 0 1 1 3 3 3 3 2 3 2 2 2 2 0 1 3 2 0 1 0 0 0 0 1 1 3 2 1 0 3 2 0 1 1 1 0 1 0 0 1 1 3 3 3 2 1 1 1 1 1 1 1 0 1 1 3 3 3 3 2 2 3 3 3 3 0 0 3 2 0 1 0 0 0 0 0 1 0 0 1 0 3 2 2 2 3 3 1 1 1 1 1 1 1 1 2 3 2 2 0 0 1 1 0 0 1 0 2 3 2 2 0 1 3 2 0 1 0 1 0 1 3 2 3 2 0 4 5 5 5 5 5 5 5 5 5 5 5 5 5 5 5 5 5 5 5 5 5 5 5 5 5 5 5 5 5 5 5 5 5 5 5 5 5 5 5 5 5 5 5 5 5 5 5 5 5 5 5 5 5 5 5 5 5 5 5 5 
14.26
37.34

1 1 3 2 3 3 2 2 3 3 1 1 3 2 2 2 1 0 1 0 1 0 3 2 1 1 0 0 1 1 0 0 1 0 1 0 1 0 1 0 1 0 1 0 1 0 3 2 1 0 3 2 3 2 3 3 3 3 3 3 2 3 2 3 1 0 1 1 1 1 3 2 0 1 3 3 3 2 3 2 2 2 0 1 3 3 3 3 1 0 2 2 3 2 3 2 3 3 1 1 1 0 1 0 3 2 0 0 3 2 1 1 1 0 1 1 3 3 3 3 2 2 3 2 1 1 1 1 0 1 0 0 0 0 1 1 1 1 1 1 0 1 1 0 1 0 2 2 3 2 3 3 2 3 2 3 2 3 1 1 3 2 3 3 3 2 3 2 3 3 0 1 0 0 1 0 1 1 3 3 2 3 2 2 2 3 3 3 0 1 0 1 2 3 0 1 2 3 2 3 0 1 0 1 2 2 3 2 0 1 0 0 2 2 0 1 0 6 7 7 7 7 7 7 7 7 7 7 7 7 7 7 7 7 7 7 7 7 7 7 7 7 7 7 7 7 7 7 7 7 7 7 7 7 7 7 7 7 7 7 7 7 7 7 7 7 7 7 7 7 7 7 7 7 7 7 7 7 7 7 7 7 7 7 7 7 7 7 7 7 7 7 7 7 7 7 7 7 7 7 
14.35
111.70

1 1 3 2 3 3 2 2 3 3 1 1 3 2 2 2 1 0 1 0 1 0 3 2 1 1 0 0 1 1 0 0 1 0 1 0 1 0 1 0 1 0 1 0 1 0 3 2 1 0 3 2 3 2 3 3 3 3 3 3 2 3 2 3 1 0 1 1 1 1 3 2 0 1 3 3 3 2 3 2 2 2 0 1 3 3 3 3 1 0 2 2 3 2 3 2 3 3 1 1 1 0 1 0 3 2 0 0 3 2 1 1 1 0 1 1 3 3 3 3 2 2 3 2 1 1 1 1 0 1 0 0 0 0 1 1 1 1 1 1 0 1 1 0 1 0 2 2 3 2 3 3 2 3 2 3 2 3 1 1 3 2 3 3 3 2 3 2 3 3 0 1 0 0 1 0 1 1 3 3 2 3 2 2 2 3 3 3 0 1 0 1 2 3 0 1 2 3 2 3 0 1 0 1 2 2 3 2 0 1 0 0 2 2 0 1 0 1 0 1 0 1 0 6 7 7 7 7 7 7 7 7 7 7 7 7 7 7 7 7 7 7 7 7 7 7 7 7 7 7 7 7 7 7 7 7 7 7 7 7 7 7 7 7 7 7 7 7 7 7 7 7 7 7 7 7 7 7 7 7 7 7 7 7 7 7 7 7 7 7 7 7 7 7 7 7 7 7 7 7 
27.65
112.30

