Arquivo de dados do FITNESS do Micromouse Evolutivo
TAMPOP = 100	MAX_INFO_LEN = 300

Generation: 0

2.00 2.00 3.15 2.65 3.30 2.00 3.15 2.00 2.00 3.15 2.00 3.40 2.00 4.10 3.15 2.00 3.15 2.00 2.00 2.00 2.00 2.00 3.90 2.00 3.40 2.00 3.15 2.00 3.40 3.55 2.00 2.00 2.00 3.15 3.15 2.00 3.15 3.15 3.35 2.00 3.15 2.00 2.00 3.15 3.15 3.40 2.00 2.00 2.00 3.15 3.75 3.60 3.15 2.00 2.00 2.00 2.00 2.00 2.00 2.00 2.25 2.00 3.15 2.00 3.15 2.00 2.00 3.30 2.00 3.15 2.25 3.15 2.00 2.00 2.00 3.15 3.30 2.00 2.00 3.50 3.15 3.45 2.00 2.25 2.00 2.00 3.15 2.00 2.00 3.55 2.00 2.00 2.00 3.30 3.40 2.00 3.15 3.40 2.00 2.00 

Generation: 1

2.00 3.40 3.15 2.65 3.30 2.25 3.15 2.00 2.00 3.30 2.00 3.40 2.00 3.25 3.15 3.60 3.30 2.00 3.30 2.00 3.15 2.00 3.90 3.15 2.55 2.00 3.55 2.00 3.40 2.85 3.30 2.00 3.40 3.15 3.15 2.00 3.15 3.15 2.45 3.60 3.15 3.15 2.00 3.15 3.15 2.55 3.15 3.15 3.15 3.15 3.75 3.60 3.30 3.15 2.00 2.00 2.00 3.65 2.00 3.15 2.25 2.00 3.30 2.00 3.15 3.15 2.00 3.30 2.00 2.25 3.40 3.15 3.15 3.30 3.15 3.40 3.40 3.30 2.00 3.85 3.15 3.45 2.00 2.25 3.40 2.00 3.15 2.00 3.15 3.55 3.15 3.85 3.70 3.45 3.50 2.00 3.15 3.40 3.65 2.00 

Generation: 2

3.30 4.05 3.30 3.30 3.30 3.30 3.30 3.30 3.30 3.30 3.30 3.40 3.30 4.50 3.40 3.60 3.30 3.30 3.40 3.30 3.30 3.15 4.15 3.30 3.30 3.30 3.55 3.30 3.65 3.30 3.30 3.30 2.75 3.30 3.30 3.30 3.30 3.15 3.30 3.60 3.30 3.30 3.15 3.30 3.30 3.30 2.00 3.15 3.15 3.15 3.75 4.00 3.40 3.35 3.30 3.30 3.30 3.80 3.30 3.15 3.30 3.15 3.75 3.30 3.40 3.15 3.30 3.30 3.30 3.30 3.55 3.70 3.15 3.45 3.30 3.40 3.90 3.30 3.30 3.15 3.30 4.00 3.30 3.30 3.40 3.30 3.15 3.30 2.25 3.70 3.50 4.15 3.70 3.60 3.70 3.30 3.15 2.75 3.65 3.30 

Generation: 3

3.30 4.05 3.15 3.30 3.30 3.30 3.30 3.30 3.30 3.30 3.30 3.55 3.30 4.70 2.55 2.75 3.30 3.30 4.25 3.30 3.30 3.30 4.30 3.30 3.30 3.30 3.55 3.30 3.65 3.30 3.30 3.30 3.30 3.30 3.30 3.15 2.25 3.30 3.30 2.70 3.30 3.30 3.30 3.30 3.30 3.30 3.30 3.30 3.30 3.30 3.90 4.00 3.40 3.50 3.30 3.30 2.55 3.95 3.45 3.30 3.30 3.30 3.25 3.30 3.40 3.30 3.40 3.30 3.30 3.30 3.70 4.25 3.30 3.75 3.30 2.55 4.15 3.45 3.90 3.30 3.30 4.50 3.45 3.30 3.40 3.55 3.30 3.30 3.30 4.00 3.50 4.30 3.70 3.60 3.85 3.30 3.30 3.30 3.90 3.50 

Generation: 4

3.30 3.30 3.30 3.30 3.30 3.30 3.30 3.15 3.30 3.30 3.30 3.65 3.30 3.95 3.30 3.30 3.30 3.30 4.35 3.30 3.30 3.40 4.45 3.30 3.30 3.15 3.55 3.30 3.65 3.30 3.30 3.30 3.30 3.30 3.30 3.30 3.30 3.30 3.30 3.30 3.30 3.30 3.30 3.60 3.15 3.30 3.30 3.30 3.30 2.00 4.70 4.15 3.40 3.65 2.00 3.30 3.30 3.35 3.45 3.30 3.30 3.40 3.30 3.30 3.40 3.30 3.40 3.40 3.30 3.45 3.80 4.85 3.40 3.90 3.30 3.30 4.15 3.70 3.00 3.30 3.40 4.50 3.60 3.55 3.40 3.65 3.30 3.30 3.45 4.20 4.30 4.30 3.80 3.60 3.85 3.30 3.40 3.30 4.00 3.90 

Generation: 5

3.40 3.40 3.40 3.40 3.40 3.40 3.40 3.40 3.40 3.40 3.50 3.75 3.40 3.95 3.40 3.40 3.40 3.40 4.35 3.40 3.40 3.40 4.45 3.40 3.40 3.40 3.55 3.40 3.80 3.40 3.40 3.15 3.40 3.40 3.40 3.40 3.30 3.40 3.40 3.40 3.40 3.30 3.40 3.90 3.40 3.40 2.00 3.40 3.40 3.40 5.85 4.15 3.40 3.80 3.40 3.40 3.40 3.35 3.60 3.40 3.40 3.40 3.40 3.40 3.70 3.40 3.40 3.40 3.40 3.45 4.10 4.85 3.40 4.15 3.45 4.00 4.30 3.70 3.40 3.40 3.70 4.50 3.60 3.65 3.60 3.80 3.75 4.00 3.45 4.60 4.30 4.65 3.80 3.70 4.05 3.30 3.40 3.30 4.00 3.90 

Generation: 6

3.50 3.50 3.50 3.15 3.50 3.50 3.50 3.50 3.50 3.50 3.65 3.75 3.50 4.15 3.40 3.50 3.50 3.50 3.50 2.00 3.50 3.50 4.45 3.65 3.50 3.50 3.55 3.50 3.80 3.50 3.50 3.30 3.50 3.50 2.00 3.50 3.50 3.50 3.50 3.50 3.50 3.50 3.50 4.45 3.65 3.50 3.50 3.85 3.50 3.50 6.10 4.25 3.50 3.80 3.65 3.50 3.50 3.50 3.95 3.40 3.40 2.55 3.50 3.40 3.70 3.95 4.00 3.65 3.85 3.45 4.10 4.85 3.40 4.15 3.45 4.80 4.30 3.70 3.40 3.40 3.90 4.85 3.60 3.65 3.85 3.80 3.75 4.00 3.45 4.60 4.40 4.65 4.15 3.70 4.25 3.50 2.55 3.50 4.45 3.90 

Generation: 7

3.65 3.65 3.65 3.65 3.15 3.65 3.65 3.65 3.65 3.65 3.85 3.75 2.25 4.15 3.65 3.65 2.00 3.65 3.30 3.65 3.65 3.65 4.80 4.05 3.65 3.65 3.55 3.65 3.90 3.65 3.65 3.65 3.75 3.65 3.50 3.65 3.65 3.65 3.65 3.15 3.65 3.65 3.65 4.45 3.80 3.65 3.65 4.00 3.65 3.50 6.20 4.25 3.70 3.80 3.80 3.90 3.50 3.50 4.05 3.65 3.65 3.65 3.60 3.65 3.70 3.95 4.30 3.65 4.05 3.65 4.80 4.85 3.65 4.15 3.65 4.80 4.30 3.85 3.65 3.65 3.90 4.85 4.00 4.10 4.00 3.90 3.75 4.00 3.65 4.85 4.40 4.75 4.15 3.85 4.35 3.60 3.65 3.50 4.45 4.00 

Generation: 8

3.80 3.40 3.80 3.95 3.80 3.30 3.50 3.80 3.80 3.80 3.85 3.75 3.80 5.80 3.80 3.15 3.80 3.80 3.50 3.30 3.80 2.00 4.95 4.35 3.80 3.30 3.80 3.80 4.00 3.50 3.80 3.80 3.75 3.15 2.00 3.15 3.75 3.80 2.00 3.50 3.80 3.80 3.80 4.45 3.95 3.80 3.80 4.30 3.80 3.80 6.50 4.25 3.70 4.30 3.80 3.90 3.80 3.80 4.15 3.80 3.80 3.80 3.80 3.80 3.80 3.95 4.30 3.30 4.05 3.80 4.80 4.95 3.80 4.15 3.65 5.20 4.40 4.00 3.65 3.65 3.90 4.85 4.00 4.10 4.40 3.90 4.00 4.00 3.65 5.05 4.40 4.75 4.15 3.85 3.65 2.25 3.75 3.80 4.45 3.55 

Generation: 9

3.90 3.90 3.65 4.10 3.15 3.90 3.90 3.15 3.90 3.90 4.00 3.80 3.90 5.80 3.90 3.90 3.90 3.90 3.90 3.65 2.25 3.90 4.95 4.35 3.90 3.90 3.90 2.00 4.60 3.65 3.90 3.90 3.65 3.90 2.00 3.90 3.90 3.90 4.05 3.90 2.25 3.90 3.90 4.45 4.15 3.90 3.90 4.85 3.90 3.80 6.85 4.45 4.00 4.50 3.80 3.90 3.90 4.15 4.15 3.80 3.80 3.90 3.80 3.95 3.90 4.20 4.30 3.90 4.05 3.80 4.95 4.95 3.80 4.15 3.90 5.20 4.40 4.00 3.30 3.90 3.90 5.00 4.00 4.10 4.40 3.90 4.20 4.40 4.05 5.80 4.40 4.90 4.30 3.85 3.90 3.90 3.95 3.90 4.45 3.90 

Generation: 10

3.90 3.90 3.90 4.45 3.80 3.90 3.90 3.90 3.90 3.90 4.00 3.90 3.90 5.80 3.90 3.90 3.90 3.90 3.90 3.90 3.90 3.90 5.20 4.50 3.90 3.90 2.25 3.90 4.60 3.90 3.90 2.25 3.90 3.90 3.65 3.90 3.80 3.15 4.05 3.90 3.90 3.90 3.90 4.45 4.25 3.90 3.90 4.85 3.90 3.15 6.85 4.70 4.15 4.50 3.90 3.90 3.30 4.40 4.15 3.90 3.90 4.15 3.15 3.95 3.90 4.20 4.45 3.90 4.35 2.25 5.05 4.95 3.90 4.25 4.30 5.20 4.50 4.00 3.90 4.00 3.90 4.15 4.15 3.25 4.40 4.15 4.20 4.70 4.20 5.80 4.40 5.00 4.65 3.40 3.90 4.00 4.25 3.90 4.45 3.90 

Generation: 11

4.30 3.30 4.40 4.85 4.30 4.30 4.30 3.65 4.55 4.45 4.10 4.25 4.30 5.95 4.65 2.25 4.30 3.05 3.80 4.30 4.30 4.05 5.20 4.50 3.80 4.30 4.30 4.60 4.75 2.25 4.30 4.85 4.30 4.30 4.30 4.30 4.30 4.30 4.05 3.80 4.90 2.00 4.30 5.00 4.40 4.65 3.65 4.85 4.30 4.30 6.85 4.70 4.25 4.50 4.45 4.30 4.45 4.40 4.30 4.45 4.30 4.15 3.50 4.20 4.50 4.35 4.85 4.25 4.35 2.00 5.05 4.95 3.90 4.25 4.30 5.20 4.60 4.25 4.65 4.15 3.90 5.25 4.25 4.05 4.40 4.15 4.30 4.80 4.20 5.80 4.40 5.15 4.65 4.30 3.90 4.15 4.25 3.90 4.60 4.20 

Generation: 12

3.15 4.65 4.60 4.85 4.30 4.65 4.65 4.65 5.20 4.90 4.65 3.40 4.65 6.10 4.65 4.65 3.40 4.05 4.65 3.80 3.50 4.65 5.30 4.50 4.65 3.50 4.65 4.85 4.75 4.65 4.65 5.10 4.05 3.50 4.65 3.80 4.65 4.55 4.55 3.90 5.10 4.65 4.45 5.00 4.40 4.75 3.15 4.95 4.40 4.30 7.00 5.20 4.65 4.50 4.60 4.30 4.55 4.40 4.30 4.45 4.30 4.65 4.65 3.15 4.60 4.45 4.85 2.25 4.70 4.65 5.05 4.95 4.65 4.65 4.30 5.45 4.80 4.65 4.85 3.50 4.70 5.25 3.80 4.65 4.50 5.75 4.30 4.95 4.65 6.35 4.55 5.15 4.90 4.30 4.65 4.65 4.65 4.65 5.75 4.65 

Generation: 13

4.30 4.65 4.65 4.85 4.65 4.65 3.40 4.65 5.30 5.25 4.65 4.65 3.30 6.20 4.65 3.15 4.65 4.65 4.85 4.65 4.65 4.65 5.30 3.15 4.75 4.65 4.65 5.10 4.85 4.80 4.65 5.25 4.75 3.40 4.65 4.65 4.65 3.15 4.65 4.65 5.85 4.80 4.65 5.25 3.30 4.75 4.65 4.95 4.65 4.65 6.15 5.50 4.75 4.65 2.00 4.65 4.65 4.65 4.65 4.70 4.65 4.65 4.85 4.80 4.15 4.75 4.85 4.65 4.70 4.75 5.05 5.25 4.75 4.75 4.65 5.45 4.80 4.90 5.10 4.65 4.70 5.25 4.65 4.90 4.65 6.05 3.30 4.95 4.90 6.35 3.30 4.30 4.30 4.65 4.65 5.10 4.65 4.65 4.85 4.65 

Generation: 14

4.90 4.90 4.90 5.10 4.90 4.90 4.90 4.90 5.30 5.25 4.90 4.90 4.90 6.30 4.90 4.90 2.00 3.15 5.05 2.00 5.65 4.85 5.30 4.90 4.75 4.90 4.90 5.10 4.85 4.80 4.90 5.50 4.85 4.90 4.90 3.30 4.90 4.90 3.15 3.30 5.85 4.80 3.40 5.25 4.90 4.75 3.15 5.20 3.15 4.65 6.45 5.80 4.75 3.90 4.90 4.90 3.50 2.25 4.90 4.85 4.90 3.65 4.85 4.80 4.75 4.75 4.85 4.90 4.70 5.05 5.05 6.45 4.75 4.75 4.85 5.45 4.90 5.00 6.00 4.90 4.70 5.25 4.90 4.90 4.65 6.15 4.90 4.95 5.05 6.35 4.90 4.90 2.00 4.65 4.80 5.20 4.65 4.65 4.85 4.75 

Generation: 15

5.40 5.40 3.15 5.10 5.40 3.30 3.15 3.90 5.30 5.25 5.40 3.65 5.20 6.30 4.55 4.90 2.25 5.50 5.40 5.40 5.65 3.15 5.30 5.00 5.50 5.05 5.10 5.20 5.50 4.90 4.90 5.50 5.40 5.00 4.90 3.55 4.90 4.90 5.20 5.40 5.85 5.40 3.40 5.25 4.90 3.40 4.90 5.40 5.40 5.40 6.55 5.80 3.90 5.40 4.90 4.90 5.40 3.15 4.90 4.45 5.00 4.45 3.80 4.30 4.15 5.50 3.65 4.90 5.40 5.20 5.25 6.45 5.40 5.40 2.25 5.60 4.90 5.00 6.15 5.00 5.40 5.25 4.90 5.15 5.40 6.35 4.90 4.95 5.20 6.60 5.05 5.15 4.45 5.50 5.40 5.50 4.45 5.40 5.40 3.65 

Generation: 16

5.40 5.50 4.15 5.50 5.80 3.30 5.40 4.90 5.90 5.75 5.40 5.40 5.30 6.30 3.15 5.40 5.40 5.75 6.80 5.50 5.65 5.40 5.30 5.40 6.10 3.80 5.40 5.20 5.95 2.00 5.20 5.50 5.40 5.20 5.40 5.50 5.40 5.50 5.20 5.40 6.00 5.40 5.50 5.55 5.40 5.40 5.40 5.40 6.15 5.40 6.80 5.80 5.40 5.40 5.40 3.95 5.40 3.15 5.40 5.40 5.40 5.40 3.30 3.65 5.00 5.50 4.80 5.40 5.40 5.20 5.35 6.70 5.50 5.55 4.05 5.60 5.40 5.40 7.60 4.15 5.40 5.50 4.30 5.40 5.90 5.65 3.30 4.45 5.20 6.60 2.00 4.75 3.50 5.50 5.40 5.50 3.15 5.40 5.40 5.40 

Generation: 17

6.05 5.65 3.90 5.50 5.90 6.05 5.95 6.05 6.50 6.10 6.05 6.15 6.05 6.30 6.35 6.05 4.65 6.30 6.80 5.65 5.65 5.80 3.90 3.65 6.10 5.40 3.90 3.50 6.05 5.30 6.05 5.50 6.05 4.65 5.40 6.55 6.05 5.75 6.05 2.00 6.75 6.05 5.50 5.80 2.00 2.25 4.15 6.15 6.30 3.90 7.05 6.05 3.80 5.70 5.40 6.05 5.55 6.05 5.40 5.65 5.50 5.40 5.30 5.30 3.30 5.50 6.05 5.50 5.65 4.30 6.05 6.85 5.50 5.80 6.05 5.95 5.40 5.70 7.75 6.05 5.50 5.50 6.15 5.55 5.90 5.65 5.80 6.05 6.05 6.60 3.65 6.15 4.45 5.50 5.40 5.50 6.05 5.40 5.40 5.80 

Generation: 18

6.05 6.35 5.55 5.40 6.00 6.05 5.95 6.30 6.70 5.25 6.20 6.25 6.30 6.30 6.35 6.05 6.05 6.60 6.80 6.05 6.05 5.80 4.05 6.05 6.40 6.05 6.05 5.20 6.05 6.05 6.15 6.05 6.30 5.00 3.15 6.55 6.25 6.45 6.05 3.15 7.05 6.35 3.30 5.90 2.00 3.90 6.05 6.30 6.30 4.05 7.30 6.15 6.05 6.05 2.25 6.05 3.50 6.05 6.05 6.05 6.05 6.05 5.30 3.30 6.05 3.50 6.05 6.05 6.05 4.30 6.05 6.85 5.80 5.90 6.70 5.95 4.65 6.05 7.75 6.20 6.05 4.30 6.50 4.15 6.20 3.15 6.00 6.30 6.05 6.60 6.05 6.55 4.75 6.05 3.30 4.65 6.20 4.65 6.05 5.80 

Generation: 19

3.90 6.90 3.50 3.80 6.45 5.10 5.30 6.70 7.50 6.35 6.20 6.40 6.75 6.30 6.50 6.45 3.30 6.60 6.80 4.65 2.25 4.55 3.65 4.30 6.80 6.45 6.45 3.40 6.45 3.30 6.30 6.20 6.30 6.45 6.45 6.70 6.50 6.45 6.45 7.55 7.05 6.35 6.45 4.75 3.15 6.45 5.80 6.30 6.45 4.90 7.30 6.15 5.30 6.05 6.45 6.20 6.45 6.30 6.05 6.15 6.05 6.05 3.80 6.35 6.05 6.45 7.05 6.15 6.05 5.10 6.45 6.85 5.95 2.00 6.70 6.45 6.45 6.45 7.85 6.50 6.05 4.55 6.60 4.15 6.20 4.90 4.55 6.40 6.05 6.75 6.05 6.95 6.45 6.15 6.45 5.10 6.30 4.05 6.05 6.45 

Generation: 20

7.20 6.90 3.30 6.60 6.70 4.15 4.55 7.35 7.50 6.45 3.15 6.40 6.75 6.90 6.50 6.60 6.50 6.60 6.05 5.55 2.25 7.20 6.35 5.30 6.80 7.15 6.85 3.30 6.80 7.20 3.30 7.20 7.20 6.45 6.55 6.80 6.80 6.85 6.45 7.65 7.05 6.60 6.65 5.00 5.20 6.45 7.20 6.05 6.45 4.90 7.55 5.55 3.30 4.15 6.60 6.00 6.45 6.45 3.65 3.65 7.20 5.30 7.50 6.35 7.20 6.60 7.05 6.45 7.10 2.55 6.55 7.40 4.15 7.20 6.80 7.00 6.55 6.45 8.30 8.00 7.05 7.20 6.60 3.30 7.20 7.20 5.20 6.50 7.20 6.05 3.90 6.95 6.65 6.05 6.55 5.65 6.30 3.80 3.30 6.45 

Generation: 21

7.20 6.90 3.15 6.70 6.80 4.55 3.80 7.35 8.05 7.05 5.80 7.20 6.75 7.00 5.90 7.10 3.50 6.60 7.20 7.25 4.65 7.20 3.50 2.25 7.10 7.45 7.15 7.30 6.80 6.35 7.05 7.30 7.20 5.65 4.55 6.90 6.80 7.50 5.90 7.75 7.05 6.60 6.65 3.80 7.20 4.75 7.45 5.95 4.55 6.20 7.55 6.75 7.20 7.20 6.60 7.20 2.00 6.80 7.20 7.20 7.20 5.30 7.65 7.20 7.30 6.60 7.05 5.20 7.10 4.55 6.75 7.65 5.50 7.20 7.15 7.15 6.55 3.40 8.45 8.15 7.05 7.80 6.60 6.15 6.60 7.20 6.45 3.50 7.45 5.95 3.90 7.05 6.80 3.15 6.70 7.20 7.10 6.15 2.00 3.15 

Generation: 22

6.35 7.05 5.65 7.35 2.25 8.05 6.00 7.35 8.05 7.30 5.95 6.35 3.15 7.00 6.05 7.10 8.15 3.15 7.20 7.40 7.45 6.35 2.25 3.50 7.25 8.30 7.15 7.30 8.05 4.15 7.05 7.30 7.20 4.30 4.30 7.20 3.80 7.50 3.40 7.25 7.05 4.45 2.25 8.05 6.35 5.80 7.45 6.45 4.05 4.55 7.55 8.05 7.35 7.65 3.15 7.30 6.75 7.35 7.20 7.20 7.20 5.30 7.90 7.30 7.40 5.55 7.05 2.00 7.10 3.80 6.45 7.65 8.05 6.35 7.25 7.45 7.50 4.75 8.60 8.15 7.05 7.80 4.90 3.15 6.30 7.20 7.85 3.40 7.45 3.50 3.15 7.05 6.80 7.45 5.90 7.20 7.35 7.90 2.00 3.65 

Generation: 23

6.90 8.05 6.90 7.95 5.95 8.15 3.40 6.90 8.45 7.30 8.05 4.55 2.25 5.75 8.05 7.35 8.80 6.15 7.20 7.80 7.45 2.00 8.05 8.05 7.25 8.40 7.40 7.30 8.05 5.20 4.15 7.45 7.20 7.20 5.95 7.20 4.05 8.15 4.75 8.65 5.00 8.05 5.55 8.05 2.00 7.20 7.75 3.15 8.05 3.65 7.55 8.05 7.35 7.65 7.50 7.50 8.05 7.70 7.50 6.35 7.30 3.15 9.05 6.55 7.40 3.30 7.35 6.60 7.10 4.05 6.60 7.95 8.05 2.00 7.40 7.45 7.50 3.90 8.60 8.30 6.05 7.80 4.05 8.05 6.35 7.20 7.85 7.45 7.45 6.05 8.05 7.35 8.05 7.45 8.05 7.20 7.35 7.90 3.15 8.05 

Generation: 24

7.55 8.25 6.60 8.05 7.45 8.30 5.40 4.30 9.60 6.60 8.15 8.15 3.40 3.80 8.50 4.55 8.80 3.30 6.20 7.80 7.45 2.00 8.05 8.05 3.65 8.40 7.40 5.80 8.05 8.15 7.35 7.45 3.90 3.60 3.65 3.65 6.90 8.30 7.50 8.90 4.05 8.05 6.55 7.20 8.15 6.05 7.75 7.35 8.05 8.15 7.55 8.05 7.65 7.65 7.70 7.50 8.05 7.70 7.50 6.90 7.25 3.15 9.05 5.90 7.40 3.15 7.45 4.15 5.00 8.15 4.15 7.95 8.05 7.35 7.40 7.45 7.70 8.15 8.60 8.30 3.30 7.80 7.35 8.35 8.15 6.45 7.85 7.45 7.60 3.50 7.20 3.80 8.05 7.95 8.05 6.45 7.35 7.90 6.15 8.15 

Generation: 25

7.55 8.70 8.80 8.50 7.35 8.40 3.80 5.00 9.60 3.90 8.15 8.30 8.25 4.90 8.75 4.05 8.80 5.65 8.80 7.95 6.45 3.05 7.20 8.35 7.90 8.50 4.55 6.35 8.05 8.35 4.30 8.05 5.00 4.05 7.35 8.80 4.45 8.65 7.70 9.00 8.40 9.10 3.90 5.55 8.15 4.55 8.10 6.05 7.20 8.40 7.55 8.05 7.75 7.80 7.85 7.60 8.15 7.70 7.50 2.00 6.05 8.80 9.05 2.00 7.35 6.60 3.65 4.75 7.35 8.15 3.50 7.95 7.20 8.80 3.30 3.40 8.00 8.15 8.75 8.55 5.30 7.80 4.45 8.55 8.15 6.15 8.30 6.60 7.75 5.55 2.00 8.80 8.15 7.95 8.30 5.20 2.25 8.00 6.45 8.30 

Generation: 26

5.20 8.70 8.80 8.50 6.20 7.70 5.20 6.35 9.95 5.30 8.15 8.40 8.25 6.05 9.00 3.30 8.80 3.40 9.05 8.35 6.35 3.50 4.30 7.45 7.90 8.90 6.20 3.15 8.05 8.35 3.15 8.05 6.05 3.30 4.75 8.90 6.30 8.65 3.15 9.00 8.40 9.10 5.65 5.30 8.25 6.35 8.10 3.15 6.50 8.50 6.15 8.05 6.30 7.80 8.00 3.50 8.15 2.00 6.30 2.25 3.40 7.95 9.50 6.15 2.00 5.10 6.30 3.50 6.05 8.15 6.30 8.05 6.05 8.90 4.75 3.50 8.20 8.25 8.75 8.55 3.30 8.40 6.35 8.85 8.40 4.30 8.60 6.30 7.75 3.30 5.65 8.80 8.25 8.70 8.30 6.00 6.15 8.00 3.80 8.30 

Generation: 27

5.90 8.70 8.80 8.75 5.80 7.70 9.05 5.65 9.95 4.30 8.30 7.70 8.25 6.05 9.20 9.35 8.80 6.60 9.05 8.35 7.85 7.10 8.55 7.45 8.00 9.15 6.85 4.55 8.05 8.35 7.75 8.05 5.30 9.50 6.45 9.30 6.35 9.10 3.15 9.00 8.55 9.10 4.45 4.90 7.60 4.30 8.10 3.65 5.55 9.75 9.50 8.30 9.50 8.10 8.00 7.35 8.25 8.15 5.80 3.80 3.30 7.95 9.50 9.05 3.15 7.15 5.95 9.50 7.20 8.25 6.50 8.70 3.65 9.05 7.90 3.30 8.20 8.25 8.75 8.55 9.50 8.55 6.75 8.85 8.65 3.15 8.60 5.30 7.75 4.10 4.65 7.95 8.50 8.70 8.30 3.65 4.75 8.00 6.45 8.30 

Generation: 28

6.05 9.05 7.95 8.95 9.35 5.55 9.05 3.50 10.05 4.75 8.45 3.15 8.50 8.70 9.35 9.35 8.80 5.20 9.05 8.35 6.75 3.65 8.55 5.90 6.90 9.15 5.30 9.00 8.30 8.45 9.50 8.05 7.05 9.50 2.95 9.30 7.20 9.10 2.25 9.60 8.95 9.25 6.80 4.15 8.70 8.40 8.10 3.50 3.30 9.75 8.60 8.30 9.50 8.10 3.80 7.65 8.25 8.30 2.25 4.90 3.90 4.05 9.50 9.05 4.15 5.95 3.15 9.50 6.05 8.25 9.50 9.10 3.30 9.05 6.05 5.40 8.20 9.10 8.75 8.55 9.75 8.55 6.35 8.95 8.65 4.30 8.60 7.30 7.35 3.40 3.90 5.90 8.50 9.00 8.55 6.20 4.65 7.30 5.30 8.30 

Generation: 29

3.50 9.05 3.30 9.15 8.85 4.25 9.05 6.60 10.05 8.60 8.90 4.75 8.50 8.95 9.50 9.35 8.80 4.90 9.05 8.50 8.60 3.65 8.80 8.15 5.65 9.30 8.60 8.35 8.30 8.55 9.50 4.30 8.60 9.50 8.60 9.80 3.15 9.30 4.30 9.60 9.05 10.40 4.15 6.60 8.80 8.40 3.50 7.35 2.25 9.75 10.70 8.30 9.50 7.45 8.70 7.35 8.40 9.25 3.65 3.80 3.15 5.10 9.50 9.20 6.05 5.30 3.15 9.50 4.15 3.15 9.80 10.35 3.50 9.30 4.55 2.00 6.45 9.10 8.75 8.55 9.75 8.55 5.40 9.05 8.65 8.60 8.60 3.65 8.60 7.35 5.00 5.80 8.50 9.55 8.55 4.15 8.60 7.50 3.50 8.60 

Generation: 30

3.15 9.15 3.40 9.15 10.00 5.55 9.05 5.65 10.15 8.60 9.15 4.55 7.35 9.15 9.50 9.50 8.80 7.50 9.70 6.30 8.60 7.25 10.05 5.65 6.05 9.30 8.60 3.15 9.70 6.15 9.50 3.30 8.60 8.60 8.60 10.00 9.70 9.50 2.00 9.85 9.05 10.40 7.25 4.15 8.80 8.05 9.70 5.55 2.00 9.90 10.70 7.45 9.95 3.90 8.70 3.65 3.30 9.60 9.25 5.80 5.55 5.10 9.70 9.30 4.15 9.70 7.05 8.60 3.15 3.15 9.80 10.35 3.50 9.30 9.25 7.20 9.70 9.50 8.75 3.30 10.65 9.25 3.65 9.15 8.80 8.80 9.25 2.00 10.25 4.05 4.55 9.70 3.50 10.45 7.70 6.95 10.25 6.05 8.25 8.60 

Generation: 31

5.95 9.15 2.00 9.15 10.20 4.45 9.05 7.30 10.15 2.00 9.45 7.50 7.60 9.15 9.65 9.50 7.95 3.80 10.15 3.40 4.15 10.05 10.25 2.00 4.35 9.30 10.05 7.45 9.70 7.50 9.50 4.30 3.50 10.05 3.50 10.00 9.70 9.50 3.90 9.85 9.05 9.50 4.75 10.05 8.80 4.45 9.70 5.40 4.45 9.90 10.85 3.40 9.95 7.50 7.95 8.80 8.15 9.95 9.25 4.30 4.05 10.05 9.70 9.40 3.15 9.70 4.45 5.65 3.15 3.40 10.35 10.35 6.90 9.30 8.35 6.05 8.80 9.50 8.75 3.50 10.80 9.75 5.40 9.15 8.80 8.80 9.25 4.30 10.25 3.65 5.10 9.70 6.05 10.65 7.45 4.65 10.65 3.15 4.30 8.60 

Generation: 32

10.05 9.15 6.20 9.25 11.35 3.50 8.15 4.65 10.70 6.25 9.45 3.50 10.05 9.30 9.65 9.50 5.00 10.05 10.15 10.05 10.05 10.70 10.25 3.15 10.15 9.60 10.45 9.90 9.95 9.35 9.50 5.40 7.95 10.05 4.65 10.35 9.70 8.65 6.15 10.05 9.05 9.65 4.75 10.45 7.95 10.25 9.70 5.10 4.65 9.90 11.00 2.00 9.95 8.40 6.05 9.05 5.10 10.05 9.25 6.35 3.90 10.05 9.70 9.40 10.05 9.70 7.25 6.90 10.05 6.35 10.35 11.80 3.40 9.80 10.05 6.05 8.80 9.90 5.80 3.80 10.90 10.10 4.65 9.15 8.80 10.20 9.25 4.25 9.35 10.05 4.75 9.85 7.35 11.00 6.60 4.55 11.00 7.25 4.05 9.25 

Generation: 33

10.20 5.95 5.00 4.75 11.35 8.15 7.10 4.15 10.70 4.45 9.45 6.05 10.05 4.75 9.65 9.50 9.30 10.15 10.80 10.05 10.05 11.00 10.25 3.15 10.35 9.85 10.45 9.90 9.05 3.15 9.50 4.45 10.25 10.05 6.60 10.75 10.45 5.65 3.15 10.45 7.80 10.15 7.30 9.55 4.65 10.40 9.70 3.15 10.25 10.35 11.00 4.30 10.10 7.25 4.65 3.40 7.40 10.05 8.15 3.30 3.30 10.15 9.85 9.40 10.05 8.80 6.05 2.00 10.05 6.05 10.55 11.80 4.30 9.20 10.15 6.05 6.20 10.05 8.15 6.20 11.30 10.10 3.40 4.15 10.25 10.35 3.15 5.80 10.45 10.05 4.55 10.00 4.15 11.00 8.25 7.25 11.00 10.25 3.30 3.50 

Generation: 34

10.35 3.15 5.95 6.05 11.60 8.40 3.15 4.30 12.00 7.90 9.45 5.80 10.05 10.25 10.30 9.60 3.30 10.15 10.80 10.05 10.15 11.60 10.25 3.40 10.60 10.10 10.45 10.20 4.45 3.15 9.50 7.65 10.40 10.05 3.30 10.75 10.45 6.05 5.65 11.55 3.15 10.40 7.35 10.70 7.45 10.40 9.70 5.10 10.25 10.45 11.30 3.40 10.10 5.20 5.80 5.30 8.70 10.35 5.90 7.65 7.05 10.40 10.30 10.25 10.05 3.65 2.25 9.00 10.20 3.30 10.55 11.80 8.40 3.30 10.15 7.30 4.30 10.05 3.90 7.30 11.45 10.25 5.75 3.30 10.25 10.80 6.20 6.05 10.60 10.05 6.35 10.00 5.90 11.35 5.10 7.20 11.00 10.50 7.35 3.90 

Generation: 35

10.50 3.65 5.00 9.75 12.00 7.20 3.65 7.50 12.00 9.35 11.15 6.05 10.05 10.25 10.45 10.05 3.40 10.15 11.25 10.15 10.15 11.60 10.25 3.80 11.25 10.10 10.45 10.50 2.00 7.50 9.90 6.35 11.00 10.20 3.30 10.75 10.95 5.40 6.90 11.55 5.90 10.85 7.45 10.70 10.90 10.40 9.70 6.05 10.25 10.45 11.30 6.20 10.10 6.80 3.90 5.55 3.90 10.35 4.75 3.15 7.45 10.00 10.70 10.95 10.05 5.20 6.05 7.20 10.20 4.65 10.55 11.80 3.50 4.65 10.15 11.00 11.15 10.30 8.80 7.95 11.70 10.25 3.80 3.15 10.35 10.95 4.75 5.95 9.85 10.05 4.45 10.00 4.15 11.35 6.90 2.25 11.00 11.30 5.30 4.65 

Generation: 36

10.50 4.75 8.50 5.10 12.00 3.65 6.05 8.70 12.15 7.45 11.15 10.60 10.35 10.25 10.95 10.25 4.55 10.15 11.35 10.40 9.30 11.60 10.95 4.05 11.25 10.35 10.60 10.75 3.40 5.30 3.65 11.15 11.00 10.30 11.15 9.90 10.95 8.55 5.80 10.65 4.65 11.00 8.35 9.80 11.10 10.40 9.05 3.15 10.25 10.45 11.30 4.45 10.10 2.25 3.65 3.90 4.55 10.45 4.30 11.15 5.80 6.05 11.20 10.95 10.05 5.55 7.05 11.10 10.20 4.15 10.65 11.80 3.15 11.10 10.15 11.00 11.15 10.30 4.90 7.35 11.85 10.40 3.65 3.50 10.35 10.95 6.75 4.45 3.65 10.20 8.80 8.80 4.55 11.35 6.45 9.30 11.15 11.65 3.45 5.65 

Generation: 37

10.50 6.05 8.80 3.65 12.00 5.95 5.55 8.25 12.15 4.05 11.30 10.70 10.35 10.85 10.95 10.25 6.05 6.80 11.35 10.55 6.05 11.80 11.10 3.50 11.25 10.35 10.70 11.05 2.25 3.75 4.45 11.45 11.00 10.70 11.15 3.15 10.95 3.90 5.90 11.10 7.45 11.15 11.35 11.15 11.10 10.40 3.40 2.25 10.80 10.45 11.50 9.95 6.15 11.45 5.80 5.20 5.20 10.45 3.65 11.90 9.05 2.00 11.45 10.95 2.00 4.90 5.00 11.10 10.20 3.90 10.80 10.90 3.50 11.10 10.15 11.00 11.15 10.30 8.15 6.05 11.85 10.40 5.90 5.10 10.35 11.40 3.50 3.40 7.45 10.40 11.15 9.25 6.60 11.35 3.80 2.00 11.50 11.90 4.90 3.65 

Generation: 38

10.50 7.90 7.80 6.05 12.00 3.15 7.25 6.75 13.45 7.25 11.45 10.70 10.85 11.10 11.20 5.20 3.15 4.75 11.75 10.55 3.40 11.90 11.10 6.60 11.25 10.35 11.00 11.35 7.20 2.25 3.90 11.45 11.15 10.70 11.40 5.90 10.95 6.15 3.15 11.20 11.15 11.25 12.30 12.75 11.35 10.65 5.55 4.30 10.80 10.60 11.50 3.50 9.25 11.60 3.80 4.55 7.45 10.45 4.15 12.15 5.20 4.65 10.60 11.05 6.00 4.05 11.15 11.25 7.80 7.80 10.95 12.00 10.60 11.30 7.35 11.35 11.15 6.15 3.90 7.45 11.85 10.40 5.40 8.50 9.50 10.80 6.05 5.80 6.35 10.40 11.15 11.15 9.00 10.45 10.25 7.35 11.50 12.00 3.65 4.30 

Generation: 39

10.50 3.80 3.30 7.45 12.00 5.20 10.35 8.80 14.10 5.40 11.60 10.70 11.40 11.55 11.50 5.00 4.90 6.75 11.75 10.55 3.90 11.90 11.10 11.15 11.35 7.05 11.30 11.45 7.25 6.90 2.25 11.45 12.50 10.95 11.40 8.35 10.95 9.20 4.30 11.40 11.15 11.35 12.45 12.75 11.75 10.90 3.30 8.15 10.90 10.70 11.50 3.15 3.40 11.70 8.80 5.10 11.15 10.45 7.35 12.65 3.65 7.45 10.60 11.05 4.55 3.40 11.15 11.80 7.20 9.75 11.50 12.00 10.60 11.50 6.35 11.35 11.45 5.50 11.15 3.50 11.95 5.00 5.95 10.50 5.10 10.80 6.45 4.55 5.80 2.00 11.15 11.15 7.65 10.45 5.40 4.15 11.50 12.00 3.15 6.05 

Generation: 40

11.15 4.90 7.35 3.65 12.70 7.35 4.45 4.30 15.00 4.65 12.45 10.85 11.40 11.55 11.70 4.15 4.80 3.50 11.95 10.65 2.25 12.10 11.20 11.15 11.50 4.90 11.30 11.45 5.80 6.70 8.15 11.45 12.65 11.25 11.55 7.45 11.25 4.90 11.15 11.50 11.45 11.35 12.65 12.95 11.75 11.30 4.90 5.65 10.90 10.70 11.50 6.05 5.10 11.90 3.40 4.55 11.15 4.05 6.45 12.80 6.80 3.15 11.75 11.05 3.90 3.90 11.35 11.95 6.55 2.25 11.50 11.10 10.60 11.65 3.30 11.55 11.70 4.55 11.30 7.45 12.30 6.20 8.40 5.80 3.30 10.80 4.30 5.40 4.90 5.20 11.40 11.15 2.00 3.90 2.00 4.45 11.50 12.00 5.65 4.90 

Generation: 41

11.25 3.30 3.75 3.80 12.70 3.40 6.45 5.20 15.00 5.35 12.45 11.55 11.95 10.70 12.10 4.15 11.15 10.15 12.05 3.80 8.80 12.10 11.35 11.40 11.60 7.30 11.30 11.70 6.05 3.40 11.15 11.45 12.95 11.25 12.15 6.60 11.35 2.00 11.15 11.50 11.55 11.35 12.90 12.30 11.95 11.45 7.65 6.35 10.90 10.80 11.50 5.00 6.15 11.90 3.30 6.90 11.30 2.25 5.00 12.95 7.05 10.60 12.05 11.05 10.90 4.65 11.35 12.05 5.55 4.90 11.65 11.25 2.25 12.00 3.50 11.55 11.70 6.05 11.45 4.75 12.30 3.15 4.45 3.15 11.05 11.30 6.75 10.70 11.15 3.65 11.40 11.15 5.20 2.25 3.40 11.15 11.50 12.00 8.70 5.65 

Generation: 42

11.25 6.20 7.50 6.25 12.95 6.35 3.40 5.80 15.25 11.15 12.45 11.55 11.95 8.05 12.25 6.60 11.30 3.65 12.05 11.15 3.30 12.10 11.45 11.50 11.45 9.90 11.40 11.70 3.15 2.25 11.40 11.45 12.95 11.25 12.55 7.55 11.75 6.05 11.15 11.50 11.55 11.35 13.25 13.45 11.10 11.45 5.95 3.80 7.30 7.90 11.50 4.30 5.55 11.90 5.40 5.40 11.30 5.00 6.60 13.20 4.45 8.70 12.15 7.25 7.35 3.30 11.50 12.05 5.90 7.25 11.65 11.25 7.35 12.00 5.55 11.55 12.00 5.00 11.70 6.90 12.30 6.15 4.55 5.10 3.90 11.30 7.45 6.35 11.70 7.40 11.40 11.35 4.55 6.05 7.50 11.30 11.60 12.15 11.15 4.55 

Generation: 43

11.35 6.75 7.80 6.05 13.10 7.35 7.90 6.90 15.40 4.65 12.45 11.55 12.10 4.05 12.50 5.95 11.40 8.25 12.40 6.05 2.00 12.10 11.45 11.50 11.45 4.80 11.80 12.25 3.30 11.15 11.95 12.70 14.10 11.25 12.65 4.75 11.95 6.15 11.15 11.60 11.55 11.35 13.55 13.60 5.00 11.45 3.65 3.40 7.50 4.05 11.50 11.15 3.40 12.70 6.05 8.80 11.65 4.45 6.90 13.20 4.65 8.35 12.55 3.30 11.15 11.15 11.60 12.50 6.35 4.15 11.95 11.40 8.80 12.60 3.90 12.20 12.00 3.15 12.25 6.05 12.30 4.05 5.80 7.50 3.65 12.40 7.20 7.35 11.70 11.25 11.55 11.55 3.90 3.65 8.15 11.55 11.75 12.15 11.15 5.30 

Generation: 44

11.35 3.05 11.20 3.80 13.10 6.45 5.75 6.15 15.40 5.65 12.45 10.65 12.10 5.90 13.25 11.15 11.40 7.30 12.40 7.50 7.35 12.10 11.45 11.85 12.60 2.25 12.05 12.50 11.00 5.95 11.95 12.85 14.75 11.25 12.65 5.65 12.40 5.10 2.00 11.60 11.65 11.35 13.55 13.85 6.05 11.45 11.15 6.60 7.65 4.45 11.70 6.00 8.15 12.70 7.35 5.65 11.65 4.65 7.80 13.45 3.40 4.65 12.70 8.05 3.90 11.15 12.35 12.50 2.25 6.90 11.95 11.40 6.45 12.60 5.20 12.55 12.00 5.20 12.25 5.30 12.55 3.15 3.80 5.10 4.15 12.40 3.15 6.05 11.80 11.25 11.65 11.85 10.25 3.40 6.20 11.85 12.20 12.15 11.15 6.80 

Generation: 45

11.35 5.75 11.35 2.00 13.25 4.30 11.15 3.30 15.40 5.10 12.45 6.15 12.30 2.00 13.25 5.75 11.70 6.15 12.50 8.25 6.75 12.10 11.45 12.35 12.60 5.65 12.05 12.50 4.15 9.35 12.05 12.95 14.75 11.25 12.05 5.00 12.40 7.80 8.15 11.60 12.20 11.35 14.00 13.85 3.80 10.60 3.65 2.25 7.80 5.40 11.70 3.05 6.05 12.70 3.30 8.55 11.65 5.10 3.30 13.65 4.45 6.90 12.70 4.15 3.80 7.35 12.50 12.75 8.80 5.95 11.95 11.40 4.45 12.60 3.50 12.55 12.25 9.35 12.95 4.65 13.00 5.95 6.80 4.15 7.25 12.55 3.40 2.00 12.15 11.40 11.65 11.85 4.65 8.85 3.15 11.85 12.20 11.30 11.30 3.90 
