Arquivo de dados dos CROMOSSOMOS do Micromouse Evolutivo
3000
300

3 2 1 0 1 1 1 1 1 1 1 4 5 5 5 5 5 5 5 5 5 5 5 5 5 5 5 5 5 5 5 5 5 5 5 5 5 5 5 5 5 5 5 5 5 5 5 5 5 5 5 5 5 5 5 5 5 5 5 5 5 5 5 5 5 5 5 5 5 5 5 5 5 5 5 5 5 5 5 5 5 5 5 5 5 5 5 5 5 5 5 5 5 5 5 5 5 5 5 5 3 2 0 1 0 3 0 1 0 0 2 0 2 2 2 0 0 3 0 2 2 2 0 3 3 0 3 3 2 2 0 1 0 0 3 1 3 3 2 0 0 1 0 2 3 2 2 3 1 2 1 3 0 2 2 0 2 1 3 0 0 3 1 0 3 0 1 3 0 0 3 0 1 3 2 0 1 0 3 2 2 1 1 2 3 3 2 1 0 2 1 0 1 2 1 1 3 2 0 3 2 3 3 3 2 1 3 3 1 3 1 3 0 2 1 3 1 0 0 1 2 1 2 3 3 3 0 2 1 0 1 0 3 0 3 1 1 3 0 2 2 1 1 2 3 3 1 0 3 1 2 1 2 0 0 1 3 1 0 0 1 1 0 1 2 0 2 3 3 3 2 1 0 3 3 0 2 0 0 1 1 2 2 3 2 3 0 1 0 0 2 1 2 2 2 0 2 1 3 1 
2.57
4.50

1 0 3 3 3 2 3 2 3 2 2 3 3 3 3 3 3 3 4 5 5 5 5 5 5 5 5 5 5 5 5 5 5 5 5 5 5 5 5 5 5 5 5 5 5 5 5 5 5 5 5 5 5 5 5 5 5 5 5 5 5 5 5 5 5 5 5 5 5 5 5 5 5 5 5 5 5 5 5 5 5 5 5 5 5 5 5 5 5 5 5 5 5 5 5 5 5 5 5 5 3 1 0 1 0 3 2 1 1 1 3 1 1 3 3 1 3 1 3 0 3 2 0 2 2 3 0 2 1 0 0 1 2 0 2 2 3 0 3 1 1 2 2 2 2 2 3 1 3 2 1 2 0 2 0 2 1 0 0 3 1 0 0 3 0 2 1 0 3 0 1 0 2 3 3 0 1 2 1 1 1 3 3 1 1 0 0 2 0 0 1 1 1 1 0 1 0 1 1 3 1 2 3 0 2 2 0 3 1 2 0 2 1 0 3 2 0 3 0 0 0 2 2 1 3 2 2 3 0 0 2 1 2 2 1 0 0 2 0 1 0 0 3 1 0 3 3 0 2 3 1 2 1 3 3 1 1 2 0 1 2 3 3 0 1 0 1 1 2 1 3 2 1 2 3 2 1 2 2 0 2 3 2 3 2 2 0 0 0 1 1 2 0 0 2 1 1 3 2 3 
2.90
5.35

