Arquivo de dados do Micromouse Evolutivo
TAMPOP = 10	MAX_INFO_LEN = 10

Generation: 0

2.00 2.00 2.20 2.00 2.10 1.90 2.00 2.00 2.10 2.10 
Generation: 0

2.00 2.00 2.20 2.00 2.10 2.00 2.20 2.00 2.10 2.10 
Generation: 0

2.20 2.10 2.20 2.10 2.10 2.10 2.20 2.10 2.10 2.10 
Generation: 0

2.20 2.10 2.20 2.00 2.10 2.10 2.20 2.10 2.10 2.10 
Generation: 0

2.20 2.20 2.20 2.10 2.10 2.10 2.20 2.10 2.10 2.10 
Generation: 0

2.20 2.20 2.20 2.10 2.10 2.10 2.20 2.10 2.00 2.10 
Generation: 0

2.20 2.20 2.20 2.10 2.10 2.10 2.20 2.10 2.10 2.10 
Generation: 0

2.20 2.20 2.20 2.10 2.10 2.10 2.20 2.10 2.00 2.10 
Generation: 0

2.20 2.20 2.20 2.10 2.10 2.10 2.20 2.10 2.10 2.10 
Generation: 0

2.20 2.20 2.20 2.10 2.10 2.20 2.20 2.10 2.20 2.10 